const PROGMEM byte red[][28]={
{  0,  0,  0,  0,  0,  0,  0,  0,  0,  0,  0,  0,  0,  0,  0,  0,  0,  0,  0,  0,  0,  0,  0,  0,  0,  0,  0,  0}, 
{  1,  1,  0,  0,  0,  0,  0,  0,  0,  0,  0,  0,  0,  0,  0,  0,  0,  0,  0,  0,  0,  0,  0,  0,  0,  0,  0,  0}, 
{ 80, 64,  0,  0,  0,  0,  0,  0,  0,  0,  0,  0,  0,  0,  0,  0,  5,  6,  0,  0,  0,  0,  0,  0,  0,  0,  0,  0}, 
{134,136, 56,  0,  0,  0,  0,  0,  0,  0,  0,  0,  0,  0,  0,  3, 12,  9,  1,  0,  0,  0,  0,  0,  0,  0,  0,  0}, 
{129,134,133, 46,  0,  0,  0,  0,  0,  0,  0,  0,  0,  0,  0, 12,  2,  6,  1,  0,  0,  0,  0,  0,  0,  0,  0,  0}, 
{130,132,134,128, 32,  0,  0,  0,  0,  0,  0,  0,  0,  0,  9,  6,  0,  6,  1,  0,  0,  0,  0,  0,  0,  0,  0,  0}, 
{130,132,132,135,118, 17,  0,  0,  0,  0,  0,  0,  0,  6, 10,  0,  1,  6,  1,  0,  0,  0,  0,  0,  0,  0,  0,  0}, 
{130,132,132,132,137,101,  5,  0,  0,  0,  0,  0,  2, 12,  1,  1,  1,  6,  1,  0,  0,  0,  0,  0,  0,  0,  0,  0}, 
{130,132,132,132,132,138, 76,  0,  0,  0,  0,  0, 11,  3,  1,  1,  1,  6,  1,  0,  0,  0,  0,  0,  0,  0,  0,  0}, 
{130,133,132,132,132,133,135, 47,  0,  0,  0,  9,  7,  0,  1,  1,  1,  6,  1,  0,  0,  0,  0,  0,  0,  0,  0,  0}, 
{ 53,134,133,132,132,132,134,123, 20,  0,  4, 10,  0,  1,  1,  1,  0,  7,  1,  0,  0,  0,  0,  0,  0,  0,  0,  0}, 
{  0, 60,135,133,132,132,132,137, 97,  1, 10,  3,  1,  1,  1,  1,  3, 10,  0,  0,  0,  0,  0,  0,  0,  0,  0,  0}, 
{  0,  0, 68,137,132,132,132,132,137, 59,  2,  8,  0,  1,  1,  1, 11,  3,  0,  0,  0,  0,  0,  0,  0,  0,  0,  0}, 
{  0,  0,  0, 78,138,132,132,132,134,126, 23,  8,  2,  1,  0, 10,  6,  0,  0,  0,  0,  0,  0,  0,  0,  0,  0,  0}, 
{  0,  0,  0,  3, 93,137,132,132,132,137, 94,  5,  8,  0,  6, 10,  0,  0,  0,  0,  0,  0,  0,  0,  0,  0,  0,  0}, 
{  0,  0,  0,  0, 10,108,136,132,132,132,136, 49,  6,  5, 11,  0,  0,  0,  0,  0,  0,  0,  0,  0,  0,  0,  0,  0}, 
{  0,  0,  0,  0,  0, 22,123,135,132,132,135,116, 15, 15,  2,  0,  0,  0,  0,  0,  0,  0,  0,  0,  0,  0,  0,  0}, 
{  0,  0,  0,  0,  0,  0, 41,133,133,132,132,138, 72,  0,  0,  0,  0,  0,  0,  0,  0,  0,  0,  0,  0,  0,  0,  0}, 
{  0,  0,  0,  0,  2, 14,  2, 68,137,132,132,133,128, 23,  0,  0,  0,  0,  0,  0,  0,  0,  0,  0,  0,  0,  0,  0}, 
{  0,  0,  0,  0, 11,  4,  9,  6, 97,137,132,132,137, 87,  0,  0,  0,  0,  0,  0,  0,  0,  0,  0,  0,  0,  0,  0}, 
{  0,  0,  0,  8,  8,  0,  2,  9, 20,122,134,132,133,132, 32,  0,  0,  0,  0,  0,  0,  0,  0,  0,  0,  0,  0,  0}, 
{  0,  0,  4, 11,  0,  1,  1,  4,  6, 48,135,132,132,137, 95,  0,  0,  0,  0,  0,  0,  0,  0,  0,  0,  0,  0,  0}, 
{  0,  1, 12,  2,  1,  1,  1,  0,  7,  6, 86,137,132,132,134, 36,  0,  0,  0,  0,  0,  0,  0,  0,  0,  0,  0,  0}, 
{  0, 10,  5,  0,  1,  1,  1,  1, 11,  0, 15,119,134,132,137, 96,  0,  0,  0,  0,  0,  0,  0,  0,  0,  0,  0,  0}, 
{  6,  9,  0,  1,  1,  1,  0,  9,  6,  0,  0, 50,136,132,133,133, 33,  0,  0,  0,  0,  0,  0,  0,  0,  0,  0,  0}, 
{ 13,  1,  1,  1,  1,  0,  6, 10,  0,  0,  0,  0, 95,137,132,137, 89,  0,  0,  0,  0,  0,  0,  0,  0,  0,  0,  0}, 
{ 11,  0,  1,  1,  1,  2, 11,  1,  0,  0,  0,  0, 26,128,133,133,129, 24,  0,  0,  0,  0,  0,  0,  0,  0,  0,  0}, 
{ 11,  0,  1,  1,  1, 11,  3,  0,  0,  0,  0,  0,  0, 72,138,132,138, 77,  0,  0,  0,  0,  0,  0,  0,  0,  0,  0}, 
{ 11,  0,  1,  0,  8,  7,  0,  0,  0,  0,  0,  0,  0, 12,118,134,134,122, 13,  0,  0,  0,  0,  0,  0,  0,  0,  0}, 
{ 11,  0,  0,  5, 10,  0,  0,  0,  0,  0,  0,  0,  0,  0, 56,137,132,137, 57,  0,  0,  0,  0,  0,  0,  0,  0,  0}, 
{ 11,  0,  2, 12,  1,  0,  0,  0,  0,  0,  0,  0,  0,  0,  5,110,135,135,107,  2,  0,  0,  0,  0,  0,  0,  0,  0}, 
{ 11,  0, 11,  4,  0,  0,  0,  0,  0,  0,  0,  0,  0,  0,  0, 48,136,133,133, 34,  0,  0,  0,  0,  0,  0,  0,  0}, 
{ 10,  6,  8,  0,  0,  0,  0,  0,  0,  0,  0,  0,  0,  0,  0,  3,106,136,137, 81,  0,  0,  0,  0,  0,  0,  0,  0}, 
{ 16, 10,  0,  0,  0,  0,  0,  0,  0,  0,  0,  0,  0,  0,  0,  0, 46,136,134,120, 11,  0,  0,  0,  0,  0,  0,  0}, 
{  5,  2,  0,  0,  0,  0,  0,  0,  0,  0,  0,  0,  0,  0,  0,  0,  4,108,135,136, 47,  0,  0,  0,  0,  0,  0,  0}, 
{  0,  0,  0,  0,  0,  0,  0,  0,  0,  0,  0,  0,  0,  0,  0,  0,  0, 52,137,137, 92,  0,  0,  0,  0,  0,  0,  0}, 
{  0,  0,  0,  0,  0,  0,  0,  0,  0,  0,  0,  0,  0,  0,  0,  0,  0,  8,115,136,124, 15,  0,  0,  0,  0,  0,  0}, 
{  0,  0,  0,  0,  0,  0,  0,  0,  0,  0,  0,  0,  0,  0,  0,  0,  0,  0, 65,138,137, 51,  0,  0,  0,  0,  0,  0}, 
{  0,  0,  0,  0,  0,  0,  0,  0,  0,  0,  0,  0,  0,  0,  0,  0,  0,  0, 16,124,138, 92,  0,  0,  0,  0,  0,  0}, 
{  0,  0,  0,  0,  0,  0,  0,  0,  0,  0,  0,  0,  0,  0,  0,  0,  0,  0,  0, 83,139,122, 12,  0,  0,  0,  0,  0}, 
{  0,  0,  0,  0,  0,  0,  0,  0,  0,  0,  0,  0,  0,  0,  0,  0,  0,  0,  0, 33,133,136, 43,  0,  0,  0,  0,  0}, 
{  0,  0,  0,  0,  0,  0,  0,  0,  0,  0,  0,  0,  0,  0,  0,  0,  0,  0,  0,  2,105,141, 81,  0,  0,  0,  0,  0}, 
{  0,  0,  0,  0,  0,  0,  0,  0,  0,  0,  0,  0,  0,  0,  0,  0,  0,  0,  0,  0, 58,140,113,  5,  0,  0,  0,  0}, 
{  0,  0,  0,  0,  0,  0,  0,  0,  0,  0,  0,  0,  0,  0,  0,  0,  0,  0,  0,  0, 17,126,133, 27,  0,  0,  0,  0}, 
{  0,  0,  0,  0,  0,  0,  0,  0,  0,  0,  0,  0,  0,  0,  0,  0,  0,  0,  0,  0,  0, 91,142, 59,  0,  0,  0,  0}, 
{  0,  0,  0,  0,  0,  0,  0,  0,  0,  0,  0,  0,  0,  0,  0,  0,  0,  0,  0,  0,  0, 46,141, 92,  0,  0,  0,  0}, 
{  0,  0,  0,  0,  0,  0,  0,  0,  0,  0,  0,  0,  0,  0,  0,  0,  0,  0,  0,  0,  0, 12,123,119,  8,  0,  0,  0}, 
{  0,  0,  0,  0,  0,  0,  0,  0,  0,  0,  0,  0,  0,  0,  0,  0,  0,  0,  0,  0,  0,  0, 88,137, 29,  0,  0,  0}, 
{  0,  0,  0,  0,  0,  0,  0,  0,  0,  0,  0,  0,  0,  0,  0,  0,  0,  0,  0,  0,  0,  0, 46,142, 57,  0,  0,  0}, 
{  0,  0,  0,  0,  0,  0,  0,  0,  0,  0,  0,  0,  0,  0,  0,  0,  0,  0,  0,  0,  0,  0, 13,128, 87,  0,  0,  0}, 
{  0,  0,  0,  0,  0,  0,  0,  0,  0,  0,  0,  0,  0,  0,  0,  0,  0,  0,  0,  0,  0,  0,  0, 97,114,  3,  0,  0}, 
{  0,  0,  0,  0,  0,  0,  0,  0,  0,  0,  0,  0,  0,  0,  0,  0,  0,  0,  0,  0,  0,  0,  0, 58,132, 17,  0,  0}, 
{  0,  0,  0,  0,  0,  0,  0,  0,  0,  0,  0,  0,  0,  0,  0,  0,  0,  0,  0,  0,  0,  0,  0, 24,133, 39,  0,  0}, 
{  0,  0,  0,  0,  0,  0,  0,  0,  0,  0,  0,  0,  0,  0,  0,  0,  0,  0,  0,  0,  0,  0,  0,  3,115, 66,  0,  0}, 
{  0,  0,  0,  0,  0,  0,  0,  0,  0,  0,  0,  0,  0,  0,  0,  0,  0,  0,  0,  0,  0,  0,  0,  0, 84, 93,  0,  0}, 
{  0,  0,  0,  0,  0,  0,  0,  0,  0,  0,  0,  0,  0,  0,  0,  0,  0,  0,  0,  0,  0,  0,  0,  0, 49,112,  1,  0}, 
{  0,  0,  0,  0,  0,  0,  0,  0,  0,  0,  0,  0,  0,  0,  0,  0,  0,  0,  0,  0,  0,  0,  0,  0, 20,118, 13,  0}, 
{  0,  0,  0,  0,  0,  0,  0,  0,  0,  0,  0,  0,  0,  0,  0,  0,  0,  0,  0,  0,  0,  0,  0,  0,  3,108, 30,  0}, 
{  0,  0,  0,  0,  0,  0,  0,  0,  0,  0,  0,  0,  0,  0,  0,  0,  0,  0,  0,  0,  0,  0,  0,  0,  0, 86, 51,  0}, 
{  0,  0,  0,  0,  0,  0,  0,  0,  0,  0,  0,  0,  0,  0,  0,  0,  0,  0,  0,  0,  0,  0,  0,  0,  0, 58, 70,  0}, 
{  0,  0,  0,  0,  0,  0,  0,  0,  0,  0,  0,  0,  0,  0,  0,  0,  0,  0,  0,  0,  0,  0,  0,  0,  0, 32, 83,  0}, 
{  0,  0,  0,  0,  0,  0,  0,  0,  0,  0,  0,  0,  0,  0,  0,  0,  0,  0,  0,  0,  0,  0,  0,  0,  0, 13, 88,  0}, 
{  0,  0,  0,  0,  0,  0,  0,  0,  0,  0,  0,  0,  0,  0,  0,  0,  0,  0,  0,  0,  0,  0,  0,  0,  0,  2, 83,  7}, 
{  0,  0,  0,  0,  0,  0,  0,  0,  0,  0,  0,  0,  0,  0,  0,  0,  0,  0,  0,  0,  0,  0,  0,  0,  0,  0, 69, 16}, 
{  0,  0,  0,  0,  0,  0,  0,  0,  0,  0,  0,  0,  0,  0,  0,  0,  0,  0,  0,  0,  0,  0,  0,  0,  0,  0, 53, 25}, 
{  0,  0,  0,  0,  0,  0,  0,  0,  0,  0,  0,  0,  0,  0,  0,  0,  0,  0,  0,  0,  0,  0,  0,  0,  0,  0, 36, 33}, 
{  0,  0,  0,  0,  0,  0,  0,  0,  0,  0,  0,  0,  0,  0,  0,  0,  0,  0,  0,  0,  0,  0,  0,  0,  0,  0, 22, 39}, 
{  0,  0,  0,  0,  0,  0,  0,  0,  0,  0,  0,  0,  0,  0,  0,  0,  0,  0,  0,  0,  0,  0,  0,  0,  0,  0, 11, 41}, 
{  0,  0,  0,  0,  0,  0,  0,  0,  0,  0,  0,  0,  0,  0,  0,  0,  0,  0,  0,  0,  0,  0,  0,  0,  0,  0,  4, 40}, 
{  0,  0,  0,  0,  0,  0,  0,  0,  0,  0,  0,  0,  0,  0,  0,  0,  0,  0,  0,  0,  0,  0,  0,  0,  0,  0,  0, 37}, 
{  0,  0,  0,  0,  0,  0,  0,  0,  0,  0,  0,  0,  0,  0,  0,  0,  0,  0,  0,  0,  0,  0,  0,  0,  0,  0,  0, 32}, 
{  0,  0,  0,  0,  0,  0,  0,  0,  0,  0,  0,  0,  0,  0,  0,  0,  0,  0,  0,  0,  0,  0,  0,  0,  0,  0,  0, 27}, 
{  0,  0,  0,  0,  0,  0,  0,  0,  0,  0,  0,  0,  0,  0,  0,  0,  0,  0,  0,  0,  0,  0,  0,  0,  0,  0,  0, 23}, 
{  0,  0,  0,  0,  0,  0,  0,  0,  0,  0,  0,  0,  0,  0,  0,  0,  0,  0,  0,  0,  0,  0,  0,  0,  0,  0,  0, 18}, 
{  0,  0,  0,  0,  0,  0,  0,  0,  0,  0,  0,  0,  0,  0,  0,  0,  0,  0,  0,  0,  0,  0,  0,  0,  0,  0,  0, 11}, 
{  0,  0,  0,  0,  0,  0,  0,  0,  0,  0,  0,  0,  0,  0,  0,  0,  0,  0,  0,  0,  0,  0,  0,  0,  0,  0,  0,  1},
{  0,  0,  0,  0,  0,  0,  0,  0,  0,  0,  0,  0,  0,  0,  0,  0,  0,  0,  0,  0,  0,  0,  0,  0,  0,  0,  0,  0}, 
{  0,  0,  0,  0,  0,  0,  0,  0,  0,  0,  0,  0,  0,  0,  0,  0,  0,  0,  0,  0,  0,  0,  0,  0,  0,  0,  0,  0}, 
{  0,  0,  0,  0,  0,  0,  0,  0,  0,  0,  0,  0,  0,  0,  0,  0,  0,  0,  0,  0,  0,  0,  0,  0,  0,  0,  0,  0}, 
{  0,  0,  0,  0,  0,  0,  0,  0,  0,  0,  0,  0,  0,  0,  0,  0,  0,  0,  0,  0,  0,  0,  0,  0,  0,  0,  0,  0}, 
{  0,  0,  0,  0,  0,  0,  0,  0,  0,  0,  0,  0,  0,  0,  0,  0,  0,  0,  0,  0,  0,  0,  0,  0,  0,  0,  0,  0}
};
const PROGMEM byte grn[][28]={
{  0,  0,  0,  0,  0,  0,  0,  0,  0,  0,  0,  0,  0,  0,  0,  0,  0,  0,  0,  0,  0,  0,  0,  0,  0,  0,  0,  0}, 
{  1,  1,  0,  0,  0,  0,  0,  0,  0,  0,  0,  0,  0,  0,  0,  0,  0,  0,  0,  0,  0,  0,  0,  0,  0,  0,  0,  0}, 
{ 87, 69,  0,  0,  0,  0,  0,  0,  0,  0,  0,  0,  0,  0,  0,  0,  9, 12,  0,  0,  0,  0,  0,  0,  0,  0,  0,  0}, 
{147,149, 61,  0,  0,  0,  0,  0,  0,  0,  0,  0,  0,  0,  0,  2, 63, 65,  0,  0,  0,  0,  0,  0,  0,  0,  0,  0}, 
{141,147,145, 50,  0,  0,  0,  0,  0,  0,  0,  0,  0,  0,  0, 42, 88, 65,  0,  0,  0,  0,  0,  0,  0,  0,  0,  0}, 
{141,145,147,140, 34,  0,  0,  0,  0,  0,  0,  0,  0,  0, 23, 82, 85, 64,  0,  0,  0,  0,  0,  0,  0,  0,  0,  0}, 
{141,145,145,149,128, 18,  0,  0,  0,  0,  0,  0,  0,  9, 73, 84, 84, 64,  0,  0,  0,  0,  0,  0,  0,  0,  0,  0}, 
{141,145,145,145,151,110,  6,  0,  0,  0,  0,  0,  1, 57, 85, 82, 84, 64,  0,  0,  0,  0,  0,  0,  0,  0,  0,  0}, 
{142,145,145,145,145,151, 83,  0,  0,  0,  0,  0, 38, 85, 82, 82, 84, 64,  0,  0,  0,  0,  0,  0,  0,  0,  0,  0}, 
{142,147,145,145,145,146,148, 51,  0,  0,  0, 20, 81, 83, 82, 82, 84, 65,  0,  0,  0,  0,  0,  0,  0,  0,  0,  0}, 
{ 57,147,146,145,145,145,148,134, 21,  0,  7, 70, 84, 82, 82, 82, 84, 66,  0,  0,  0,  0,  0,  0,  0,  0,  0,  0}, 
{  0, 65,149,146,145,145,145,150,105,  0, 37, 87, 82, 82, 82, 82, 86, 41,  0,  0,  0,  0,  0,  0,  0,  0,  0,  0}, 
{  0,  0, 73,150,145,145,145,145,150, 63,  6, 77, 83, 82, 82, 85, 60,  1,  0,  0,  0,  0,  0,  0,  0,  0,  0,  0}, 
{  0,  0,  0, 85,151,145,145,145,147,138, 21, 38, 86, 82, 84, 74, 10,  0,  0,  0,  0,  0,  0,  0,  0,  0,  0,  0}, 
{  0,  0,  0,  3,101,151,145,145,145,151,102,  7, 73, 84, 82, 24,  0,  0,  0,  0,  0,  0,  0,  0,  0,  0,  0,  0}, 
{  0,  0,  0,  0, 11,118,150,145,145,145,149, 50, 32, 89, 40,  0,  0,  0,  0,  0,  0,  0,  0,  0,  0,  0,  0,  0}, 
{  0,  0,  0,  0,  0, 24,134,148,145,145,148,126, 20, 45,  2,  0,  0,  0,  0,  0,  0,  0,  0,  0,  0,  0,  0,  0}, 
{  0,  0,  0,  0,  0,  0, 44,145,146,145,145,151, 78,  0,  0,  0,  0,  0,  0,  0,  0,  0,  0,  0,  0,  0,  0,  0}, 
{  0,  0,  0,  0,  1, 47, 12, 72,151,145,145,146,139, 25,  0,  0,  0,  0,  0,  0,  0,  0,  0,  0,  0,  0,  0,  0}, 
{  0,  0,  0,  0, 34, 88, 67,  8,105,150,145,145,151, 95,  0,  0,  0,  0,  0,  0,  0,  0,  0,  0,  0,  0,  0,  0}, 
{  0,  0,  0, 16, 79, 83, 86, 52, 19,133,148,145,146,145, 35,  0,  0,  0,  0,  0,  0,  0,  0,  0,  0,  0,  0,  0}, 
{  0,  0,  4, 66, 85, 82, 82, 85, 33, 50,148,145,145,150,103,  0,  0,  0,  0,  0,  0,  0,  0,  0,  0,  0,  0,  0}, 
{  0,  0, 48, 86, 82, 82, 82, 83, 81, 12, 92,151,145,146,146, 38,  0,  0,  0,  0,  0,  0,  0,  0,  0,  0,  0,  0}, 
{  0, 28, 84, 82, 82, 82, 82, 85, 60,  0, 15,130,148,145,150,104,  0,  0,  0,  0,  0,  0,  0,  0,  0,  0,  0,  0}, 
{ 10, 76, 84, 82, 82, 82, 84, 74, 10,  0,  0, 54,149,145,146,145, 35,  0,  0,  0,  0,  0,  0,  0,  0,  0,  0,  0}, 
{ 60, 85, 82, 82, 82, 82, 83, 25,  0,  0,  0,  0,104,150,145,150, 97,  0,  0,  0,  0,  0,  0,  0,  0,  0,  0,  0}, 
{ 85, 82, 82, 82, 82, 86, 44,  0,  0,  0,  0,  0, 27,140,146,146,141, 26,  0,  0,  0,  0,  0,  0,  0,  0,  0,  0}, 
{ 84, 82, 82, 82, 85, 63,  3,  0,  0,  0,  0,  0,  0, 78,151,145,151, 83,  0,  0,  0,  0,  0,  0,  0,  0,  0,  0}, 
{ 84, 82, 82, 83, 77, 13,  0,  0,  0,  0,  0,  0,  0, 12,129,148,147,133, 14,  0,  0,  0,  0,  0,  0,  0,  0,  0}, 
{ 84, 82, 82, 84, 30,  0,  0,  0,  0,  0,  0,  0,  0,  0, 61,150,145,151, 62,  0,  0,  0,  0,  0,  0,  0,  0,  0}, 
{ 84, 82, 86, 49,  0,  0,  0,  0,  0,  0,  0,  0,  0,  0,  6,120,149,149,116,  2,  0,  0,  0,  0,  0,  0,  0,  0}, 
{ 84, 84, 67,  5,  0,  0,  0,  0,  0,  0,  0,  0,  0,  0,  0, 51,149,146,146, 36,  0,  0,  0,  0,  0,  0,  0,  0}, 
{ 85, 79, 17,  0,  0,  0,  0,  0,  0,  0,  0,  0,  0,  0,  0,  3,116,149,151, 88,  0,  0,  0,  0,  0,  0,  0,  0}, 
{ 80, 35,  0,  0,  0,  0,  0,  0,  0,  0,  0,  0,  0,  0,  0,  0, 50,149,147,131, 11,  0,  0,  0,  0,  0,  0,  0}, 
{  9,  2,  0,  0,  0,  0,  0,  0,  0,  0,  0,  0,  0,  0,  0,  0,  4,118,149,150, 51,  0,  0,  0,  0,  0,  0,  0}, 
{  0,  0,  0,  0,  0,  0,  0,  0,  0,  0,  0,  0,  0,  0,  0,  0,  0, 56,150,150,100,  0,  0,  0,  0,  0,  0,  0}, 
{  0,  0,  0,  0,  0,  0,  0,  0,  0,  0,  0,  0,  0,  0,  0,  0,  0,  8,126,150,136, 16,  0,  0,  0,  0,  0,  0}, 
{  0,  0,  0,  0,  0,  0,  0,  0,  0,  0,  0,  0,  0,  0,  0,  0,  0,  0, 70,151,150, 55,  0,  0,  0,  0,  0,  0}, 
{  0,  0,  0,  0,  0,  0,  0,  0,  0,  0,  0,  0,  0,  0,  0,  0,  0,  0, 17,136,152,100,  0,  0,  0,  0,  0,  0}, 
{  0,  0,  0,  0,  0,  0,  0,  0,  0,  0,  0,  0,  0,  0,  0,  0,  0,  0,  0, 90,153,134, 13,  0,  0,  0,  0,  0}, 
{  0,  0,  0,  0,  0,  0,  0,  0,  0,  0,  0,  0,  0,  0,  0,  0,  0,  0,  0, 35,146,150, 47,  0,  0,  0,  0,  0}, 
{  0,  0,  0,  0,  0,  0,  0,  0,  0,  0,  0,  0,  0,  0,  0,  0,  0,  0,  0,  2,115,155, 88,  0,  0,  0,  0,  0}, 
{  0,  0,  0,  0,  0,  0,  0,  0,  0,  0,  0,  0,  0,  0,  0,  0,  0,  0,  0,  0, 63,154,123,  5,  0,  0,  0,  0}, 
{  0,  0,  0,  0,  0,  0,  0,  0,  0,  0,  0,  0,  0,  0,  0,  0,  0,  0,  0,  0, 18,138,146, 29,  0,  0,  0,  0}, 
{  0,  0,  0,  0,  0,  0,  0,  0,  0,  0,  0,  0,  0,  0,  0,  0,  0,  0,  0,  0,  0, 99,156, 64,  0,  0,  0,  0}, 
{  0,  0,  0,  0,  0,  0,  0,  0,  0,  0,  0,  0,  0,  0,  0,  0,  0,  0,  0,  0,  0, 50,154,100,  0,  0,  0,  0}, 
{  0,  0,  0,  0,  0,  0,  0,  0,  0,  0,  0,  0,  0,  0,  0,  0,  0,  0,  0,  0,  0, 12,135,131,  8,  0,  0,  0}, 
{  0,  0,  0,  0,  0,  0,  0,  0,  0,  0,  0,  0,  0,  0,  0,  0,  0,  0,  0,  0,  0,  0, 96,150, 31,  0,  0,  0}, 
{  0,  0,  0,  0,  0,  0,  0,  0,  0,  0,  0,  0,  0,  0,  0,  0,  0,  0,  0,  0,  0,  0, 50,155, 61,  0,  0,  0}, 
{  0,  0,  0,  0,  0,  0,  0,  0,  0,  0,  0,  0,  0,  0,  0,  0,  0,  0,  0,  0,  0,  0, 14,140, 95,  0,  0,  0}, 
{  0,  0,  0,  0,  0,  0,  0,  0,  0,  0,  0,  0,  0,  0,  0,  0,  0,  0,  0,  0,  0,  0,  0,106,125,  3,  0,  0}, 
{  0,  0,  0,  0,  0,  0,  0,  0,  0,  0,  0,  0,  0,  0,  0,  0,  0,  0,  0,  0,  0,  0,  0, 63,144, 18,  0,  0}, 
{  0,  0,  0,  0,  0,  0,  0,  0,  0,  0,  0,  0,  0,  0,  0,  0,  0,  0,  0,  0,  0,  0,  0, 26,145, 42,  0,  0}, 
{  0,  0,  0,  0,  0,  0,  0,  0,  0,  0,  0,  0,  0,  0,  0,  0,  0,  0,  0,  0,  0,  0,  0,  3,126, 72,  0,  0}, 
{  0,  0,  0,  0,  0,  0,  0,  0,  0,  0,  0,  0,  0,  0,  0,  0,  0,  0,  0,  0,  0,  0,  0,  0, 91,101,  0,  0}, 
{  0,  0,  0,  0,  0,  0,  0,  0,  0,  0,  0,  0,  0,  0,  0,  0,  0,  0,  0,  0,  0,  0,  0,  0, 53,122,  1,  0}, 
{  0,  0,  0,  0,  0,  0,  0,  0,  0,  0,  0,  0,  0,  0,  0,  0,  0,  0,  0,  0,  0,  0,  0,  0, 22,128, 14,  0}, 
{  0,  0,  0,  0,  0,  0,  0,  0,  0,  0,  0,  0,  0,  0,  0,  0,  0,  0,  0,  0,  0,  0,  0,  0,  3,118, 33,  0}, 
{  0,  0,  0,  0,  0,  0,  0,  0,  0,  0,  0,  0,  0,  0,  0,  0,  0,  0,  0,  0,  0,  0,  0,  0,  0, 94, 55,  0}, 
{  0,  0,  0,  0,  0,  0,  0,  0,  0,  0,  0,  0,  0,  0,  0,  0,  0,  0,  0,  0,  0,  0,  0,  0,  0, 63, 76,  0}, 
{  0,  0,  0,  0,  0,  0,  0,  0,  0,  0,  0,  0,  0,  0,  0,  0,  0,  0,  0,  0,  0,  0,  0,  0,  0, 35, 91,  0}, 
{  0,  0,  0,  0,  0,  0,  0,  0,  0,  0,  0,  0,  0,  0,  0,  0,  0,  0,  0,  0,  0,  0,  0,  0,  0, 14, 95,  0}, 
{  0,  0,  0,  0,  0,  0,  0,  0,  0,  0,  0,  0,  0,  0,  0,  0,  0,  0,  0,  0,  0,  0,  0,  0,  0,  2, 89,  8}, 
{  0,  0,  0,  0,  0,  0,  0,  0,  0,  0,  0,  0,  0,  0,  0,  0,  0,  0,  0,  0,  0,  0,  0,  0,  0,  0, 75, 17}, 
{  0,  0,  0,  0,  0,  0,  0,  0,  0,  0,  0,  0,  0,  0,  0,  0,  0,  0,  0,  0,  0,  0,  0,  0,  0,  0, 57, 27}, 
{  0,  0,  0,  0,  0,  0,  0,  0,  0,  0,  0,  0,  0,  0,  0,  0,  0,  0,  0,  0,  0,  0,  0,  0,  0,  0, 39, 36}, 
{  0,  0,  0,  0,  0,  0,  0,  0,  0,  0,  0,  0,  0,  0,  0,  0,  0,  0,  0,  0,  0,  0,  0,  0,  0,  0, 23, 41}, 
{  0,  0,  0,  0,  0,  0,  0,  0,  0,  0,  0,  0,  0,  0,  0,  0,  0,  0,  0,  0,  0,  0,  0,  0,  0,  0, 12, 44}, 
{  0,  0,  0,  0,  0,  0,  0,  0,  0,  0,  0,  0,  0,  0,  0,  0,  0,  0,  0,  0,  0,  0,  0,  0,  0,  0,  5, 42}, 
{  0,  0,  0,  0,  0,  0,  0,  0,  0,  0,  0,  0,  0,  0,  0,  0,  0,  0,  0,  0,  0,  0,  0,  0,  0,  0,  0, 39}, 
{  0,  0,  0,  0,  0,  0,  0,  0,  0,  0,  0,  0,  0,  0,  0,  0,  0,  0,  0,  0,  0,  0,  0,  0,  0,  0,  0, 34}, 
{  0,  0,  0,  0,  0,  0,  0,  0,  0,  0,  0,  0,  0,  0,  0,  0,  0,  0,  0,  0,  0,  0,  0,  0,  0,  0,  0, 28}, 
{  0,  0,  0,  0,  0,  0,  0,  0,  0,  0,  0,  0,  0,  0,  0,  0,  0,  0,  0,  0,  0,  0,  0,  0,  0,  0,  0, 23}, 
{  0,  0,  0,  0,  0,  0,  0,  0,  0,  0,  0,  0,  0,  0,  0,  0,  0,  0,  0,  0,  0,  0,  0,  0,  0,  0,  0, 18}, 
{  0,  0,  0,  0,  0,  0,  0,  0,  0,  0,  0,  0,  0,  0,  0,  0,  0,  0,  0,  0,  0,  0,  0,  0,  0,  0,  0, 11}, 
{  0,  0,  0,  0,  0,  0,  0,  0,  0,  0,  0,  0,  0,  0,  0,  0,  0,  0,  0,  0,  0,  0,  0,  0,  0,  0,  0,  1},
{  0,  0,  0,  0,  0,  0,  0,  0,  0,  0,  0,  0,  0,  0,  0,  0,  0,  0,  0,  0,  0,  0,  0,  0,  0,  0,  0,  0}, 
{  0,  0,  0,  0,  0,  0,  0,  0,  0,  0,  0,  0,  0,  0,  0,  0,  0,  0,  0,  0,  0,  0,  0,  0,  0,  0,  0,  0}, 
{  0,  0,  0,  0,  0,  0,  0,  0,  0,  0,  0,  0,  0,  0,  0,  0,  0,  0,  0,  0,  0,  0,  0,  0,  0,  0,  0,  0}, 
{  0,  0,  0,  0,  0,  0,  0,  0,  0,  0,  0,  0,  0,  0,  0,  0,  0,  0,  0,  0,  0,  0,  0,  0,  0,  0,  0,  0}, 
{  0,  0,  0,  0,  0,  0,  0,  0,  0,  0,  0,  0,  0,  0,  0,  0,  0,  0,  0,  0,  0,  0,  0,  0,  0,  0,  0,  0}
};
const PROGMEM byte blu[][28]={
{  0,  0,  0,  0,  0,  0,  0,  0,  0,  0,  0,  0,  0,  0,  0,  0,  0,  0,  0,  0,  0,  0,  0,  0,  0,  0,  0,  0}, 
{  1,  1,  0,  0,  0,  0,  0,  0,  0,  0,  0,  0,  0,  0,  0,  0,  0,  0,  0,  0,  0,  0,  0,  0,  0,  0,  0,  0}, 
{ 91, 73,  0,  0,  0,  0,  0,  0,  0,  0,  0,  0,  0,  0,  0,  0, 13, 17,  0,  0,  0,  0,  0,  0,  0,  0,  0,  0}, 
{154,157, 63,  0,  0,  0,  0,  0,  0,  0,  0,  0,  0,  0,  0,  2, 99,104,  0,  0,  0,  0,  0,  0,  0,  0,  0,  0}, 
{148,155,153, 52,  0,  0,  0,  0,  0,  0,  0,  0,  0,  0,  0, 64,146,105,  0,  0,  0,  0,  0,  0,  0,  0,  0,  0}, 
{148,153,156,147, 36,  0,  0,  0,  0,  0,  0,  0,  0,  0, 34,135,142,104,  0,  0,  0,  0,  0,  0,  0,  0,  0,  0}, 
{148,154,153,157,135, 19,  0,  0,  0,  0,  0,  0,  0, 12,117,141,141,104,  0,  0,  0,  0,  0,  0,  0,  0,  0,  0}, 
{148,154,153,153,159,115,  6,  0,  0,  0,  0,  0,  0, 90,143,137,141,104,  0,  0,  0,  0,  0,  0,  0,  0,  0,  0}, 
{149,153,153,153,153,160, 87,  0,  0,  0,  0,  0, 58,141,137,137,141,104,  0,  0,  0,  0,  0,  0,  0,  0,  0,  0}, 
{149,155,153,153,153,154,156, 53,  0,  0,  0, 29,132,139,137,137,141,104,  0,  0,  0,  0,  0,  0,  0,  0,  0,  0}, 
{ 60,154,154,153,153,153,156,141, 22,  0,  9,112,141,137,137,137,141,106,  0,  0,  0,  0,  0,  0,  0,  0,  0,  0}, 
{  0, 67,157,154,153,153,153,159,111,  0, 56,145,137,137,137,137,142, 62,  0,  0,  0,  0,  0,  0,  0,  0,  0,  0}, 
{  0,  0, 77,158,154,153,153,153,159, 65, 10,124,139,137,137,143, 93,  1,  0,  0,  0,  0,  0,  0,  0,  0,  0,  0}, 
{  0,  0,  0, 89,159,153,153,153,155,145, 21, 60,142,137,141,119, 13,  0,  0,  0,  0,  0,  0,  0,  0,  0,  0,  0}, 
{  0,  0,  0,  3,106,159,153,153,153,159,106,  8,117,141,135, 35,  0,  0,  0,  0,  0,  0,  0,  0,  0,  0,  0,  0}, 
{  0,  0,  0,  0, 11,124,158,153,153,153,157, 51, 51,147, 62,  0,  0,  0,  0,  0,  0,  0,  0,  0,  0,  0,  0,  0}, 
{  0,  0,  0,  0,  0, 25,141,156,153,153,156,133, 23, 68,  3,  0,  0,  0,  0,  0,  0,  0,  0,  0,  0,  0,  0,  0}, 
{  0,  0,  0,  0,  0,  0, 46,153,154,153,153,160, 81,  0,  0,  0,  0,  0,  0,  0,  0,  0,  0,  0,  0,  0,  0,  0}, 
{  0,  0,  0,  0,  1, 71, 20, 75,159,153,153,155,147, 26,  0,  0,  0,  0,  0,  0,  0,  0,  0,  0,  0,  0,  0,  0}, 
{  0,  0,  0,  0, 51,145,107,  9,110,159,153,153,159,100,  0,  0,  0,  0,  0,  0,  0,  0,  0,  0,  0,  0,  0,  0}, 
{  0,  0,  0, 23,129,139,143, 82, 18,140,156,153,154,152, 36,  0,  0,  0,  0,  0,  0,  0,  0,  0,  0,  0,  0,  0}, 
{  0,  0,  5,105,142,137,137,141, 52, 51,156,154,153,158,109,  0,  0,  0,  0,  0,  0,  0,  0,  0,  0,  0,  0,  0}, 
{  0,  0, 74,143,137,137,137,139,132, 17, 96,159,153,154,154, 40,  0,  0,  0,  0,  0,  0,  0,  0,  0,  0,  0,  0}, 
{  0, 41,138,138,137,137,137,143, 94,  0, 15,137,156,153,158,109,  0,  0,  0,  0,  0,  0,  0,  0,  0,  0,  0,  0}, 
{ 13,122,140,137,137,137,140,119, 13,  0,  0, 56,157,153,154,153, 36,  0,  0,  0,  0,  0,  0,  0,  0,  0,  0,  0}, 
{ 94,142,137,137,137,138,136, 37,  0,  0,  0,  0,109,159,153,159,102,  0,  0,  0,  0,  0,  0,  0,  0,  0,  0,  0}, 
{136,137,137,137,137,143, 68,  0,  0,  0,  0,  0, 28,148,154,154,149, 27,  0,  0,  0,  0,  0,  0,  0,  0,  0,  0}, 
{133,137,137,137,142,100,  3,  0,  0,  0,  0,  0,  0, 82,159,153,159, 87,  0,  0,  0,  0,  0,  0,  0,  0,  0,  0}, 
{133,137,137,140,125, 18,  0,  0,  0,  0,  0,  0,  0, 13,136,156,155,140, 14,  0,  0,  0,  0,  0,  0,  0,  0,  0}, 
{133,137,138,139, 44,  0,  0,  0,  0,  0,  0,  0,  0,  0, 64,158,153,159, 65,  0,  0,  0,  0,  0,  0,  0,  0,  0}, 
{133,137,143, 76,  0,  0,  0,  0,  0,  0,  0,  0,  0,  0,  6,126,157,157,122,  2,  0,  0,  0,  0,  0,  0,  0,  0}, 
{133,142,107,  6,  0,  0,  0,  0,  0,  0,  0,  0,  0,  0,  0, 54,157,154,154, 38,  0,  0,  0,  0,  0,  0,  0,  0}, 
{137,129, 24,  0,  0,  0,  0,  0,  0,  0,  0,  0,  0,  0,  0,  3,122,157,159, 92,  0,  0,  0,  0,  0,  0,  0,  0}, 
{125, 52,  0,  0,  0,  0,  0,  0,  0,  0,  0,  0,  0,  0,  0,  0, 52,157,156,138, 12,  0,  0,  0,  0,  0,  0,  0}, 
{ 12,  3,  0,  0,  0,  0,  0,  0,  0,  0,  0,  0,  0,  0,  0,  0,  4,124,157,158, 53,  0,  0,  0,  0,  0,  0,  0}, 
{  0,  0,  0,  0,  0,  0,  0,  0,  0,  0,  0,  0,  0,  0,  0,  0,  0, 59,158,159,105,  0,  0,  0,  0,  0,  0,  0}, 
{  0,  0,  0,  0,  0,  0,  0,  0,  0,  0,  0,  0,  0,  0,  0,  0,  0,  8,132,158,143, 17,  0,  0,  0,  0,  0,  0}, 
{  0,  0,  0,  0,  0,  0,  0,  0,  0,  0,  0,  0,  0,  0,  0,  0,  0,  0, 74,159,158, 58,  0,  0,  0,  0,  0,  0}, 
{  0,  0,  0,  0,  0,  0,  0,  0,  0,  0,  0,  0,  0,  0,  0,  0,  0,  0, 18,143,160,105,  0,  0,  0,  0,  0,  0}, 
{  0,  0,  0,  0,  0,  0,  0,  0,  0,  0,  0,  0,  0,  0,  0,  0,  0,  0,  0, 95,161,141, 14,  0,  0,  0,  0,  0}, 
{  0,  0,  0,  0,  0,  0,  0,  0,  0,  0,  0,  0,  0,  0,  0,  0,  0,  0,  0, 37,154,158, 49,  0,  0,  0,  0,  0}, 
{  0,  0,  0,  0,  0,  0,  0,  0,  0,  0,  0,  0,  0,  0,  0,  0,  0,  0,  0,  1,121,163, 92,  0,  0,  0,  0,  0}, 
{  0,  0,  0,  0,  0,  0,  0,  0,  0,  0,  0,  0,  0,  0,  0,  0,  0,  0,  0,  0, 66,162,130,  5,  0,  0,  0,  0}, 
{  0,  0,  0,  0,  0,  0,  0,  0,  0,  0,  0,  0,  0,  0,  0,  0,  0,  0,  0,  0, 19,145,154, 30,  0,  0,  0,  0}, 
{  0,  0,  0,  0,  0,  0,  0,  0,  0,  0,  0,  0,  0,  0,  0,  0,  0,  0,  0,  0,  0,104,165, 67,  0,  0,  0,  0}, 
{  0,  0,  0,  0,  0,  0,  0,  0,  0,  0,  0,  0,  0,  0,  0,  0,  0,  0,  0,  0,  0, 52,163,105,  0,  0,  0,  0}, 
{  0,  0,  0,  0,  0,  0,  0,  0,  0,  0,  0,  0,  0,  0,  0,  0,  0,  0,  0,  0,  0, 13,142,138,  8,  0,  0,  0}, 
{  0,  0,  0,  0,  0,  0,  0,  0,  0,  0,  0,  0,  0,  0,  0,  0,  0,  0,  0,  0,  0,  0,101,158, 32,  0,  0,  0}, 
{  0,  0,  0,  0,  0,  0,  0,  0,  0,  0,  0,  0,  0,  0,  0,  0,  0,  0,  0,  0,  0,  0, 52,164, 64,  0,  0,  0}, 
{  0,  0,  0,  0,  0,  0,  0,  0,  0,  0,  0,  0,  0,  0,  0,  0,  0,  0,  0,  0,  0,  0, 15,148,100,  0,  0,  0}, 
{  0,  0,  0,  0,  0,  0,  0,  0,  0,  0,  0,  0,  0,  0,  0,  0,  0,  0,  0,  0,  0,  0,  0,111,131,  3,  0,  0}, 
{  0,  0,  0,  0,  0,  0,  0,  0,  0,  0,  0,  0,  0,  0,  0,  0,  0,  0,  0,  0,  0,  0,  0, 66,152, 19,  0,  0}, 
{  0,  0,  0,  0,  0,  0,  0,  0,  0,  0,  0,  0,  0,  0,  0,  0,  0,  0,  0,  0,  0,  0,  0, 27,153, 44,  0,  0}, 
{  0,  0,  0,  0,  0,  0,  0,  0,  0,  0,  0,  0,  0,  0,  0,  0,  0,  0,  0,  0,  0,  0,  0,  3,132, 75,  0,  0}, 
{  0,  0,  0,  0,  0,  0,  0,  0,  0,  0,  0,  0,  0,  0,  0,  0,  0,  0,  0,  0,  0,  0,  0,  0, 96,106,  0,  0}, 
{  0,  0,  0,  0,  0,  0,  0,  0,  0,  0,  0,  0,  0,  0,  0,  0,  0,  0,  0,  0,  0,  0,  0,  0, 55,128,  1,  0}, 
{  0,  0,  0,  0,  0,  0,  0,  0,  0,  0,  0,  0,  0,  0,  0,  0,  0,  0,  0,  0,  0,  0,  0,  0, 23,135, 14,  0}, 
{  0,  0,  0,  0,  0,  0,  0,  0,  0,  0,  0,  0,  0,  0,  0,  0,  0,  0,  0,  0,  0,  0,  0,  0,  3,124, 34,  0}, 
{  0,  0,  0,  0,  0,  0,  0,  0,  0,  0,  0,  0,  0,  0,  0,  0,  0,  0,  0,  0,  0,  0,  0,  0,  0, 98, 57,  0}, 
{  0,  0,  0,  0,  0,  0,  0,  0,  0,  0,  0,  0,  0,  0,  0,  0,  0,  0,  0,  0,  0,  0,  0,  0,  0, 66, 79,  0}, 
{  0,  0,  0,  0,  0,  0,  0,  0,  0,  0,  0,  0,  0,  0,  0,  0,  0,  0,  0,  0,  0,  0,  0,  0,  0, 36, 95,  0}, 
{  0,  0,  0,  0,  0,  0,  0,  0,  0,  0,  0,  0,  0,  0,  0,  0,  0,  0,  0,  0,  0,  0,  0,  0,  0, 15,100,  0}, 
{  0,  0,  0,  0,  0,  0,  0,  0,  0,  0,  0,  0,  0,  0,  0,  0,  0,  0,  0,  0,  0,  0,  0,  0,  0,  2, 94,  8}, 
{  0,  0,  0,  0,  0,  0,  0,  0,  0,  0,  0,  0,  0,  0,  0,  0,  0,  0,  0,  0,  0,  0,  0,  0,  0,  0, 78, 18}, 
{  0,  0,  0,  0,  0,  0,  0,  0,  0,  0,  0,  0,  0,  0,  0,  0,  0,  0,  0,  0,  0,  0,  0,  0,  0,  0, 59, 28}, 
{  0,  0,  0,  0,  0,  0,  0,  0,  0,  0,  0,  0,  0,  0,  0,  0,  0,  0,  0,  0,  0,  0,  0,  0,  0,  0, 41, 37}, 
{  0,  0,  0,  0,  0,  0,  0,  0,  0,  0,  0,  0,  0,  0,  0,  0,  0,  0,  0,  0,  0,  0,  0,  0,  0,  0, 24, 43}, 
{  0,  0,  0,  0,  0,  0,  0,  0,  0,  0,  0,  0,  0,  0,  0,  0,  0,  0,  0,  0,  0,  0,  0,  0,  0,  0, 12, 45}, 
{  0,  0,  0,  0,  0,  0,  0,  0,  0,  0,  0,  0,  0,  0,  0,  0,  0,  0,  0,  0,  0,  0,  0,  0,  0,  0,  5, 44}, 
{  0,  0,  0,  0,  0,  0,  0,  0,  0,  0,  0,  0,  0,  0,  0,  0,  0,  0,  0,  0,  0,  0,  0,  0,  0,  0,  0, 40}, 
{  0,  0,  0,  0,  0,  0,  0,  0,  0,  0,  0,  0,  0,  0,  0,  0,  0,  0,  0,  0,  0,  0,  0,  0,  0,  0,  0, 35}, 
{  0,  0,  0,  0,  0,  0,  0,  0,  0,  0,  0,  0,  0,  0,  0,  0,  0,  0,  0,  0,  0,  0,  0,  0,  0,  0,  0, 29}, 
{  0,  0,  0,  0,  0,  0,  0,  0,  0,  0,  0,  0,  0,  0,  0,  0,  0,  0,  0,  0,  0,  0,  0,  0,  0,  0,  0, 24}, 
{  0,  0,  0,  0,  0,  0,  0,  0,  0,  0,  0,  0,  0,  0,  0,  0,  0,  0,  0,  0,  0,  0,  0,  0,  0,  0,  0, 18}, 
{  0,  0,  0,  0,  0,  0,  0,  0,  0,  0,  0,  0,  0,  0,  0,  0,  0,  0,  0,  0,  0,  0,  0,  0,  0,  0,  0, 11}, 
{  0,  0,  0,  0,  0,  0,  0,  0,  0,  0,  0,  0,  0,  0,  0,  0,  0,  0,  0,  0,  0,  0,  0,  0,  0,  0,  0,  1},
{  0,  0,  0,  0,  0,  0,  0,  0,  0,  0,  0,  0,  0,  0,  0,  0,  0,  0,  0,  0,  0,  0,  0,  0,  0,  0,  0,  0}, 
{  0,  0,  0,  0,  0,  0,  0,  0,  0,  0,  0,  0,  0,  0,  0,  0,  0,  0,  0,  0,  0,  0,  0,  0,  0,  0,  0,  0}, 
{  0,  0,  0,  0,  0,  0,  0,  0,  0,  0,  0,  0,  0,  0,  0,  0,  0,  0,  0,  0,  0,  0,  0,  0,  0,  0,  0,  0}, 
{  0,  0,  0,  0,  0,  0,  0,  0,  0,  0,  0,  0,  0,  0,  0,  0,  0,  0,  0,  0,  0,  0,  0,  0,  0,  0,  0,  0}, 
{  0,  0,  0,  0,  0,  0,  0,  0,  0,  0,  0,  0,  0,  0,  0,  0,  0,  0,  0,  0,  0,  0,  0,  0,  0,  0,  0,  0}
};
