const PROGMEM byte red[][26]={
{195,195,254,255,193,196,254,255,193,196,251,254,  0,  5,  2,  1, 11,  0, 15,  0,  5,  0, 19,  0,  4,  0}, 
{195,195,254,255,193,196,254,255,193,196,255,255,  1,  5,  3,  0,245,  0,  0,  5,251,  1,  0,  2,248,  0}, 
{195,195,254,255,193,196,254,255,193,196,244,249,  0, 12,245,  0, 10,  1,255,  0,  0,  6,255,  0,  0,  2}, 
{195,195,254,255,193,196,254,255,193,196,255,251, 15,  0,  0,  1,255,  0,  0,  0,255, 10,  0,  1,255, 10}, 
{195,195,254,255,193,196,254,255,193,196,251,255,  0, 15,246,  7,  0,  7,255,  3,  0,  3,251,  5,  2,  0}, 
{195,195,254,255,193,196,254,255,193,196,255,255,  2,  6,  0,  0,254,  0,  0,  2,255,  5,  0,  0,247,  9}, 
{195,195,254,255,193,196,254,255,193,196,252,253,  0,  7,239,  4,  9,  9,251,  0,  3,  3,251,  0,  9,  4}, 
{195,195,254,255,193,196,254,255,193,196,254,254,  0, 11,  1,  0,244,  2,  8,  1,246,  2,  8,  2,246,  3}, 
{195,195,254,255,193,196,254,255,193,196,252,255,  4,  0,248,  0, 15,  0,251,  0,  8,  1,247,  0, 13,  0}, 
{195,195,254,255,193,196,254,255,193,196,255,254,  2,  0, 15,  0,242,  1,  0,  6,255,  0,  4,  0,252,  3}, 
{195,195,254,255,193,196,254,255,193,196,251,253,  0,  5,253,  0,  5,  1,255,  0,  0,  5,253,  5,  3,  0}, 
{195,195,254,255,193,196,254,255,193,196,255,255,  3,  0,  3,  0,251,  0,  0,  0,249,  3,  0,  2,255,  5}, 
{195,195,254,255,193,196,254,255,193,196,248,253,  0,  0,255,  2,  1,  6,254,  4,  4,  0,252,  0,  0,  0}, 
{195,195,254,255,193,196,254,255,193,196,255,255,  3,  0,  9,  2,247,  0,  0,  1,255,  0,  2,  0,255,  8}, 
{195,195,254,255,193,196,254,255,193,196,252,255,  0,  1,246,  2,  9,  1,255,  0,  0,  8,249,  7,  8,  0}, 
{195,195,254,255,193,196,254,255,193,196,255,255,  0,  0, 14,  3,236,  5,  5,  4,248,  2,  7,  2,245,  4}, 
{195,195,254,255,193,196,254,255,193,196,251,239, 24,  0, 15,  0,  4,  4,  4,  0,  5,  1,  0,  0,  1,  0}, 
{195,195,254,255,193,196,254,255,193,196,255,255,185,193,248,255,194,199,255,255,201,191,255,252,197,197}, 
{195,195,254,255,193,196,254,255,193,196,255,255,189,188,251,255,180,191,240,251,194,185,255,252,194,206}, 
{195,195,254,255,193,196,254,255,193,196,253,255,195,205,255,255,201,198,255,255,195,188,255,255,185,189}, 
{195,195,254,255,193,196,254,255,193,196,255,233,188,196,252,255,198,181,255,255,199,201,254,254,199,198}, 
{195,195,254,255,193,196,254,255,193,196,255,251,207,199,244,247,189,189,250,255,186,189,254,255,189,194}, 
{195,195,254,255,193,196,254,255,193,196,254,254,193,196,251,252,208,199,251,249,204,210,234,238,192,189}, 
{195,195,254,255,193,196,254,255,193,196,254,255,196,190,251,246,193,193,254,249,190,203,249,255,204,199}, 
{195,195,254,255,193,196,254,255,193,196,254,255,193,196,254,255,193,196,254,255,193,196,254,255,193,196}, 
{195,195,254,255,193,196,254,255,193,196,254,255,193,196,254,255,193,196,254,255,193,196,254,255,193,196}, 
{195,195,254,255,193,196,254,255,193,196,254,255,193,196,254,255,193,196,254,255,193,196,254,255,193,196}, 
{195,195,254,255,193,196,254,255,193,196,254,255,193,196,254,255,193,196,254,255,193,196,254,255,193,196}, 
{195,195,254,255,193,196,254,255,193,196,254,255,193,196,254,255,193,196,254,255,193,196,254,255,193,196}, 
{195,195,254,255,193,196,254,255,193,196,254,255,193,196,254,255,193,196,254,255,193,196,254,255,193,196}, 
{195,195,254,255,193,196,254,255,193,196,254,255,193,196,254,255,193,196,254,255,193,196,254,255,193,196}, 
{195,195,254,255,193,196,254,255,193,196,254,255,193,196,254,255,193,196,254,255,193,196,254,255,193,196}, 
{195,195,254,255,193,196,254,255,193,196,254,255,193,196,254,255,193,196,254,255,193,196,254,255,193,196}, 
{195,195,254,255,193,196,254,255,193,196,254,255,193,196,254,255,193,196,254,255,193,196,254,255,193,196}, 
{195,195,254,255,193,196,254,255,193,196,254,255,193,196,254,255,193,196,254,255,193,196,254,255,193,196}, 
{195,195,254,255,193,196,254,255,193,196,254,255,193,196,254,255,193,196,254,255,193,196,254,255,193,196}, 
{195,195,254,255,193,196,254,255,193,196,254,255,193,196,254,255,193,196,254,255,193,196,254,255,193,196}, 
{195,195,254,255,193,196,254,255,193,196,254,255,193,196,254,255,193,196,254,255,193,196,254,255,193,196}, 
{195,195,254,255,193,196,254,255,193,196,254,255,193,196,254,255,193,196,254,255,193,196,254,255,193,196}, 
{195,195,254,255,193,196,254,255,193,196,254,255,193,196,254,255,193,196,254,255,193,196,254,255,193,196}, 
{195,195,254,255,193,196,254,255,193,196,254,255,193,196,254,255,193,196,254,255,193,196,254,255,193,196}, 
{195,195,254,255,193,196,254,255,193,196,254,255,193,196,254,255,193,196,254,255,193,196,254,255,193,196},
{  0,  0,  0,  0,  0,  0,  0,  0,  0,  0,  0,  0,  0,  0,  0,  0,  0,  0,  0,  0,  0,  0,  0,  0,  0,  0,  0,  0}, 
{  0,  0,  0,  0,  0,  0,  0,  0,  0,  0,  0,  0,  0,  0,  0,  0,  0,  0,  0,  0,  0,  0,  0,  0,  0,  0,  0,  0}, 
{  0,  0,  0,  0,  0,  0,  0,  0,  0,  0,  0,  0,  0,  0,  0,  0,  0,  0,  0,  0,  0,  0,  0,  0,  0,  0,  0,  0}, 
{  0,  0,  0,  0,  0,  0,  0,  0,  0,  0,  0,  0,  0,  0,  0,  0,  0,  0,  0,  0,  0,  0,  0,  0,  0,  0,  0,  0}, 
{  0,  0,  0,  0,  0,  0,  0,  0,  0,  0,  0,  0,  0,  0,  0,  0,  0,  0,  0,  0,  0,  0,  0,  0,  0,  0,  0,  0}
};
const PROGMEM byte grn[][26]={
{  9,  9,254,254, 10,  9,254,253, 10, 10,251,255, 34, 30, 30, 40, 31, 37, 29, 45, 36, 35, 30, 41, 30, 36}, 
{  9,  9,254,254, 10,  9,254,253, 10, 10,255,253, 35, 38, 41, 34,255, 38, 34, 41,251, 44, 29, 38,249, 38}, 
{  9,  9,254,254, 10,  9,254,253, 10, 10,248,249, 39, 33,255, 34, 36, 35,255, 36, 32, 35,255, 38, 34, 38}, 
{  9,  9,254,254, 10,  9,254,253, 10, 10,251,248, 45, 26, 41, 35,255, 38, 31, 40,253, 25, 32, 44,254, 27}, 
{  9,  9,254,254, 10,  9,254,253, 10, 10,255,252, 31, 37,254, 42, 24, 34,253, 30, 31, 41,252, 34, 35, 36}, 
{  9,  9,254,254, 10,  9,254,253, 10, 10,246,253, 34, 37, 37, 33,255, 31, 38, 41,252, 37, 39, 34,246, 39}, 
{  9,  9,254,254, 10,  9,254,253, 10, 10,255,255, 36, 29,255, 39, 28, 39,252, 40, 37, 28,255, 46, 42, 34}, 
{  9,  9,254,254, 10,  9,254,253, 10, 10,255,255, 31, 41, 33, 35,255, 36, 32, 38,255, 34, 30, 30,253, 32}, 
{  9,  9,254,254, 10,  9,254,253, 10, 10,253,254, 38, 34,255, 35, 34, 34,255, 34, 34, 33,255, 33, 33, 36}, 
{  9,  9,254,254, 10,  9,254,253, 10, 10,255,253, 32, 35, 30, 36,255, 38, 43, 32,251, 28, 49, 32,253, 35}, 
{  9,  9,254,254, 10,  9,254,253, 10, 10,255,248, 41, 40,249, 37, 35, 32,250, 35, 35, 38,251, 38, 38, 38}, 
{  9,  9,254,254, 10,  9,254,253, 10, 10,252,254, 29, 43, 34, 36,255, 35, 27, 41,255, 30, 32, 37,254, 36}, 
{  9,  9,254,254, 10,  9,254,253, 10, 10,255,251, 41, 31,252, 39, 33, 36,255, 31, 30, 37,255, 32, 31, 36}, 
{  9,  9,254,254, 10,  9,254,253, 10, 10,251,255, 31, 35, 37, 39,252, 38, 40, 36,254, 29, 44, 32,252, 34}, 
{  9,  9,254,254, 10,  9,254,253, 10, 10,253,253, 39, 39,254, 39, 29, 32,248, 40, 40, 38,246, 38, 37, 38}, 
{  9,  9,254,254, 10,  9,254,253, 10, 10,255,251, 32, 41, 26, 41,255, 37, 32, 39,255, 34, 34, 36,255, 35}, 
{  9,  9,254,254, 10,  9,254,253, 10, 10,255,246, 40, 34, 31, 32, 39, 33, 33, 36, 30, 41, 30, 41, 35, 37}, 
{  9,  9,254,254, 10,  9,254,253, 10, 10,255,253,  2, 13,251,255, 12,  5,253,253, 18,  3,254,246, 11, 11}, 
{  9,  9,254,254, 10,  9,254,253, 10, 10,253,253, 14, 14,251,255,  9, 15,255,249, 14,  8,254,252, 17,  2}, 
{  9,  9,254,254, 10,  9,254,253, 10, 10,251,254,  3,  9,253,250, 13, 10,253,248, 12,  7,252,251, 15,  8}, 
{  9,  9,254,254, 10,  9,254,253, 10, 10,248,255, 20,  4,255,249,  0, 16,249,253, 11,  5,255,250,  7, 12}, 
{  9,  9,254,254, 10,  9,254,253, 10, 10,254,246, 16,  6,250,254, 14, 14,255,255,  9,  8,255,255, 10, 11}, 
{  9,  9,254,254, 10,  9,254,253, 10, 10,255,255,  4,  1,255,251, 12,  5,255,254,  5,  8,255,255, 10,  7}, 
{  9,  9,254,254, 10,  9,254,253, 10, 10,252,248, 16, 14,255,249, 15,  3,255,255,  7, 10,254,254,  9,  8}, 
{  9,  9,254,254, 10,  9,254,253, 10, 10,254,254, 10,  9,254,253, 10, 10,254,254, 10,  9,254,253, 10, 10}, 
{  9,  9,254,254, 10,  9,254,253, 10, 10,254,254, 10,  9,254,253, 10, 10,254,254, 10,  9,254,253, 10, 10}, 
{  9,  9,254,254, 10,  9,254,253, 10, 10,254,254, 10,  9,254,253, 10, 10,254,254, 10,  9,254,253, 10, 10}, 
{  9,  9,254,254, 10,  9,254,253, 10, 10,254,254, 10,  9,254,253, 10, 10,254,254, 10,  9,254,253, 10, 10}, 
{  9,  9,254,254, 10,  9,254,253, 10, 10,254,254, 10,  9,254,253, 10, 10,254,254, 10,  9,254,253, 10, 10}, 
{  9,  9,254,254, 10,  9,254,253, 10, 10,254,254, 10,  9,254,253, 10, 10,254,254, 10,  9,254,253, 10, 10}, 
{  9,  9,254,254, 10,  9,254,253, 10, 10,254,254, 10,  9,254,253, 10, 10,254,254, 10,  9,254,253, 10, 10}, 
{  9,  9,254,254, 10,  9,254,253, 10, 10,254,254, 10,  9,254,253, 10, 10,254,254, 10,  9,254,253, 10, 10}, 
{  9,  9,254,254, 10,  9,254,253, 10, 10,254,254, 10,  9,254,253, 10, 10,254,254, 10,  9,254,253, 10, 10}, 
{  9,  9,254,254, 10,  9,254,253, 10, 10,254,254, 10,  9,254,253, 10, 10,254,254, 10,  9,254,253, 10, 10}, 
{  9,  9,254,254, 10,  9,254,253, 10, 10,254,254, 10,  9,254,253, 10, 10,254,254, 10,  9,254,253, 10, 10}, 
{  9,  9,254,254, 10,  9,254,253, 10, 10,254,254, 10,  9,254,253, 10, 10,254,254, 10,  9,254,253, 10, 10}, 
{  9,  9,254,254, 10,  9,254,253, 10, 10,254,254, 10,  9,254,253, 10, 10,254,254, 10,  9,254,253, 10, 10}, 
{  9,  9,254,254, 10,  9,254,253, 10, 10,254,254, 10,  9,254,253, 10, 10,254,254, 10,  9,254,253, 10, 10}, 
{  9,  9,254,254, 10,  9,254,253, 10, 10,254,254, 10,  9,254,253, 10, 10,254,254, 10,  9,254,253, 10, 10}, 
{  9,  9,254,254, 10,  9,254,253, 10, 10,254,254, 10,  9,254,253, 10, 10,254,254, 10,  9,254,253, 10, 10}, 
{  9,  9,254,254, 10,  9,254,253, 10, 10,254,254, 10,  9,254,253, 10, 10,254,254, 10,  9,254,253, 10, 10}, 
{  9,  9,254,254, 10,  9,254,253, 10, 10,254,254, 10,  9,254,253, 10, 10,254,254, 10,  9,254,253, 10, 10},
{  0,  0,  0,  0,  0,  0,  0,  0,  0,  0,  0,  0,  0,  0,  0,  0,  0,  0,  0,  0,  0,  0,  0,  0,  0,  0,  0,  0}, 
{  0,  0,  0,  0,  0,  0,  0,  0,  0,  0,  0,  0,  0,  0,  0,  0,  0,  0,  0,  0,  0,  0,  0,  0,  0,  0,  0,  0}, 
{  0,  0,  0,  0,  0,  0,  0,  0,  0,  0,  0,  0,  0,  0,  0,  0,  0,  0,  0,  0,  0,  0,  0,  0,  0,  0,  0,  0}, 
{  0,  0,  0,  0,  0,  0,  0,  0,  0,  0,  0,  0,  0,  0,  0,  0,  0,  0,  0,  0,  0,  0,  0,  0,  0,  0,  0,  0}, 
{  0,  0,  0,  0,  0,  0,  0,  0,  0,  0,  0,  0,  0,  0,  0,  0,  0,  0,  0,  0,  0,  0,  0,  0,  0,  0,  0,  0}
};
const PROGMEM byte blu[][26]={
{ 56, 56,254,255, 56, 54,255,254, 56, 57,253,255,111,122, 69,119, 92,102,117, 94,103,106,120, 96,104,110}, 
{ 56, 56,254,255, 56, 54,255,254, 56, 57,246,255,107,117,114,112,255,111,112,103,255, 97,127, 96,254,111}, 
{ 56, 56,254,255, 56, 54,255,254, 56, 57,247,249, 99, 96,255, 99,123, 99,241,112,117,113,228, 97,102,100}, 
{ 56, 56,254,255, 56, 54,255,254, 56, 57,255,239,117,113,100, 99,251,101,109,102,250,118, 97,112,255,109}, 
{ 56, 56,254,255, 56, 54,255,254, 56, 57,255,255, 89, 87,255,110,111,113,255,107, 98,116,255,112,104,107}, 
{ 56, 56,254,255, 56, 54,255,254, 56, 57,251,255,107,119,105,104,251,103, 96,100,255, 98,110, 88,244,112}, 
{ 56, 56,254,255, 56, 54,255,254, 56, 57,255,249,102,105,255,105,107, 99,255,100,111,108,242, 96,109, 94}, 
{ 56, 56,254,255, 56, 54,255,254, 56, 57,247,255, 96,111, 80,103,255, 99,120, 93,242,117,113,113,255,108}, 
{ 56, 56,254,255, 56, 54,255,254, 56, 57,255,250,109,104,255,101,103,102,250,114,109,106,250,105,102,109}, 
{ 56, 56,254,255, 56, 54,255,254, 56, 57,244,251,104,109,121, 96,247,116, 99,106,253, 91,117,107,255,112}, 
{ 56, 56,254,255, 56, 54,255,254, 56, 57,250,255, 95, 96,250,108,108,112,255,109,106,117,239,109,106, 93}, 
{ 56, 56,254,255, 56, 54,255,254, 56, 57,255,255,116,101,101, 96,255,104,110,100,251,111,103,103,255,103}, 
{ 56, 56,254,255, 56, 54,255,254, 56, 57,247,255, 93,111,255,109,106,108,246,110,105,107,248,109,104,106}, 
{ 56, 56,254,255, 56, 54,255,254, 56, 57,255,243,115,117,111, 94,255,100, 96,100,251,101,116,103,255,119}, 
{ 56, 56,254,255, 56, 54,255,254, 56, 57,255,255,108,102,239,109,116, 96,255,102,106,124,237,105,107,100}, 
{ 56, 56,254,255, 56, 54,255,254, 56, 57,244,255,103,109, 98,104,255,110,111, 97,250,111,105,108,255,102}, 
{ 56, 56,254,255, 56, 54,255,254, 56, 57,246,255, 92, 96,118,103,103,111,109,114, 97,102,112,114, 99,103}, 
{ 56, 56,254,255, 56, 54,255,254, 56, 57,241,255, 66, 74,255,250, 53, 58,250,254, 66, 51,255,246, 58, 61}, 
{ 56, 56,254,255, 56, 54,255,254, 56, 57,254,255, 55, 47,241,244, 43, 54,253,252, 62, 54,255,252, 63, 61}, 
{ 56, 56,254,255, 56, 54,255,254, 56, 57,254,251, 40, 49,255,255, 72, 69,250,251, 58, 48,253,247, 52, 53}, 
{ 56, 56,254,255, 56, 54,255,254, 56, 57,255,252, 56, 51,255,255, 46, 46,249,255, 62, 55,255,249, 54, 61}, 
{ 56, 56,254,255, 56, 54,255,254, 56, 57,255,253, 70, 63,255,255, 53, 45,249,255, 53, 49,253,250, 49, 55}, 
{ 56, 56,254,255, 56, 54,255,254, 56, 57,241,246, 46, 43,253,247, 60, 55,255,255, 64, 66,254,254, 58, 58}, 
{ 56, 56,254,255, 56, 54,255,254, 56, 57,255,255, 64, 53,251,242, 63, 65,251,251, 53, 55,248,248, 53, 52}, 
{ 56, 56,254,255, 56, 54,255,254, 56, 57,254,255, 56, 54,255,254, 56, 57,254,255, 56, 54,255,254, 56, 57}, 
{ 56, 56,254,255, 56, 54,255,254, 56, 57,254,255, 56, 54,255,254, 56, 57,254,255, 56, 54,255,254, 56, 57}, 
{ 56, 56,254,255, 56, 54,255,254, 56, 57,254,255, 56, 54,255,254, 56, 57,254,255, 56, 54,255,254, 56, 57}, 
{ 56, 56,254,255, 56, 54,255,254, 56, 57,254,255, 56, 54,255,254, 56, 57,254,255, 56, 54,255,254, 56, 57}, 
{ 56, 56,254,255, 56, 54,255,254, 56, 57,254,255, 56, 54,255,254, 56, 57,254,255, 56, 54,255,254, 56, 57}, 
{ 56, 56,254,255, 56, 54,255,254, 56, 57,254,255, 56, 54,255,254, 56, 57,254,255, 56, 54,255,254, 56, 57}, 
{ 56, 56,254,255, 56, 54,255,254, 56, 57,254,255, 56, 54,255,254, 56, 57,254,255, 56, 54,255,254, 56, 57}, 
{ 56, 56,254,255, 56, 54,255,254, 56, 57,254,255, 56, 54,255,254, 56, 57,254,255, 56, 54,255,254, 56, 57}, 
{ 56, 56,254,255, 56, 54,255,254, 56, 57,254,255, 56, 54,255,254, 56, 57,254,255, 56, 54,255,254, 56, 57}, 
{ 56, 56,254,255, 56, 54,255,254, 56, 57,254,255, 56, 54,255,254, 56, 57,254,255, 56, 54,255,254, 56, 57}, 
{ 56, 56,254,255, 56, 54,255,254, 56, 57,254,255, 56, 54,255,254, 56, 57,254,255, 56, 54,255,254, 56, 57}, 
{ 56, 56,254,255, 56, 54,255,254, 56, 57,254,255, 56, 54,255,254, 56, 57,254,255, 56, 54,255,254, 56, 57}, 
{ 56, 56,254,255, 56, 54,255,254, 56, 57,254,255, 56, 54,255,254, 56, 57,254,255, 56, 54,255,254, 56, 57}, 
{ 56, 56,254,255, 56, 54,255,254, 56, 57,254,255, 56, 54,255,254, 56, 57,254,255, 56, 54,255,254, 56, 57}, 
{ 56, 56,254,255, 56, 54,255,254, 56, 57,254,255, 56, 54,255,254, 56, 57,254,255, 56, 54,255,254, 56, 57}, 
{ 56, 56,254,255, 56, 54,255,254, 56, 57,254,255, 56, 54,255,254, 56, 57,254,255, 56, 54,255,254, 56, 57}, 
{ 56, 56,254,255, 56, 54,255,254, 56, 57,254,255, 56, 54,255,254, 56, 57,254,255, 56, 54,255,254, 56, 57}, 
{ 56, 56,254,255, 56, 54,255,254, 56, 57,254,255, 56, 54,255,254, 56, 57,254,255, 56, 54,255,254, 56, 57},
{  0,  0,  0,  0,  0,  0,  0,  0,  0,  0,  0,  0,  0,  0,  0,  0,  0,  0,  0,  0,  0,  0,  0,  0,  0,  0,  0,  0}, 
{  0,  0,  0,  0,  0,  0,  0,  0,  0,  0,  0,  0,  0,  0,  0,  0,  0,  0,  0,  0,  0,  0,  0,  0,  0,  0,  0,  0}, 
{  0,  0,  0,  0,  0,  0,  0,  0,  0,  0,  0,  0,  0,  0,  0,  0,  0,  0,  0,  0,  0,  0,  0,  0,  0,  0,  0,  0}, 
{  0,  0,  0,  0,  0,  0,  0,  0,  0,  0,  0,  0,  0,  0,  0,  0,  0,  0,  0,  0,  0,  0,  0,  0,  0,  0,  0,  0}, 
{  0,  0,  0,  0,  0,  0,  0,  0,  0,  0,  0,  0,  0,  0,  0,  0,  0,  0,  0,  0,  0,  0,  0,  0,  0,  0,  0,  0}
};
