const PROGMEM byte red[][28]={
{  0, 27, 41, 48, 53, 44, 39, 48, 53, 44, 39, 48, 54, 17,  0,  0,  0,  0,  0,  0,  0,  0,  0,  0,  0,  0,  0,  0}, 
{  0,135,202,237,255,215,193,236,255,215,193,236,255, 81, 39, 21,  0,  6, 56,  5,  0, 23, 47,  0,  0, 43, 27,  0}, 
{  0,133,200,236,255,215,192,236,255,215,192,236,255, 79, 87, 43, 10, 16,110, 14, 10, 46, 92,  6,  6, 86, 53,  0}, 
{  0,132,198,235,255,214,191,236,255,214,191,236,255, 83,  0,  3,128, 29,  0, 33,127,  2,  0, 80, 89,  0,  1,  0}, 
{  0,132,198,235,255,213,190,236,255,214,191,236,255, 79, 93, 45,  0, 15,118, 12,  0, 49, 99,  0,  0, 92, 57,  0}, 
{  0,132,198,235,255,213,189,235,255,214,191,236,255, 81, 27, 18, 70, 21, 38, 22, 70, 18, 32, 43, 48, 29, 20,  0}, 
{  0,132,198,235,255,213,189,235,255,213,190,236,255, 82, 14, 12, 87, 23, 22, 25, 86, 12, 18, 54, 60, 16, 13,  0}, 
{  0,131,198,235,255,213,189,235,255,213,189,235,255, 79,101, 49,  0, 15,127, 12,  0, 53,106,  0,  0, 99, 62,  0}, 
{  0,131,197,234,255,213,189,235,255,213,189,235,255, 83,  0,  4,125, 28,  0, 32,123,  2,  0, 78, 86,  0,  1,  0}, 
{  0,131,196,234,255,212,189,235,255,213,189,235,255, 80, 74, 37, 17, 15, 95, 14, 17, 40, 80, 10, 11, 74, 47,  0}, 
{  0,131,196,234,255,211,188,234,255,213,189,235,255, 81, 51, 28, 42, 18, 68, 18, 42, 29, 56, 26, 28, 52, 34,  0}, 
{  0,131,196,234,255,211,187,234,255,212,188,235,255, 83,  0,  6,110, 26,  2, 29,109,  4,  1, 69, 76,  0,  4,  0}, 
{  0,130,195,234,255,211,187,234,255,211,188,234,255, 78,106, 51,  0, 15,132, 12,  0, 55,111,  0,  0,104, 64,  0}, 
{  0,130,195,234,255,211,187,234,255,211,187,234,255, 82,  0,  6,110, 25,  2, 29,109,  4,  1, 68, 76,  0,  4,  0}, 
{  0,129,194,233,255,210,186,234,255,211,187,234,255, 80, 50, 27, 42, 18, 67, 18, 42, 29, 56, 26, 29, 51, 33,  0}, 
{  0,129,194,233,255,210,186,234,255,211,187,234,255, 79, 74, 37, 16, 15, 96, 14, 16, 40, 80, 10, 10, 74, 47,  0}, 
{  0,129,194,233,255,209,185,233,255,210,186,234,255, 82,  0,  4,124, 28,  0, 32,123,  2,  0, 78, 86,  0,  1,  0}, 
{  0,129,193,232,255,209,185,233,255,210,186,233,255, 78,100, 48,  0, 15,126, 12,  0, 53,106,  0,  0, 99, 61,  0}, 
{  0,129,193,232,255,209,185,233,255,209,185,233,255, 82, 18, 14, 86, 23, 27, 25, 85, 14, 22, 53, 59, 21, 15,  0}, 
{  0,128,192,232,255,209,184,232,255,209,185,232,255, 82,  0,  1, 65, 13,  0, 16, 64,  0,  0, 40, 44,  0,  0,  0}, 
{  0,128,192,231,255,209,184,232,255,209,185,232,255,158,107,139,148,125,112,138,149,126,112,136,151,127,117, 35}, 
{  0,127,191,231,255,208,183,232,255,209,184,232,255,215,192,236,255,216,193,236,255,217,195,236,255,218,203, 60}, 
{  0,127,191,231,255,208,183,231,255,209,184,232,255,209,185,232,255,210,185,232,255,211,186,233,255,212,195, 57}, 
{  0,127,191,231,255,207,183,231,255,208,183,232,255,209,184,232,255,210,185,232,255,211,186,233,255,212,195, 57}, 
{  0,127,190,230,255,207,182,231,255,208,183,231,255,209,184,232,255,209,185,232,255,210,185,232,255,211,194, 57}, 
{  0,127,190,230,255,207,182,231,255,207,182,231,255,208,183,232,255,209,184,232,255,210,185,232,255,211,194, 57}, 
{  0,126,189,230,255,206,181,230,255,207,182,231,255,208,183,231,255,209,184,232,255,209,185,232,255,211,193, 57}, 
{  0,126,188,229,254,206,181,230,255,207,182,231,255,207,182,231,255,208,183,231,255,209,184,231,255,211,193, 57}, 
{  0,126,188,229,254,205,180,230,255,206,181,230,255,207,182,230,255,208,183,231,255,209,184,231,255,210,192, 57}, 
{  0,126,188,229,254,205,180,229,254,206,181,230,255,207,182,230,255,208,182,231,255,208,183,231,255,210,192, 56}, 
{  0,125,187,229,254,205,180,229,254,205,180,229,255,206,181,230,255,207,182,230,255,208,183,230,255,209,192, 56}, 
{  0,125,186,229,254,204,180,229,254,205,180,229,254,206,181,229,255,207,182,230,255,208,182,230,255,209,191, 56}, 
{  0,125,186,228,253,204,179,229,254,205,180,229,254,205,180,229,255,207,181,229,255,207,182,230,255,209,191, 56}, 
{  0,125,186,228,253,203,178,228,254,205,180,229,254,205,180,228,254,206,181,229,255,207,182,229,255,208,190, 56}, 
{  0,125,186,228,253,203,178,228,253,204,179,228,254,205,180,228,254,206,180,229,255,207,181,229,255,208,190, 56}, 
{  0,124,186,227,253,203,178,228,253,203,178,228,254,205,179,229,254,206,180,228,254,206,181,229,255,208,190, 56}, 
{  0,123,185,227,252,203,178,228,253,203,178,227,253,204,179,228,254,206,180,228,254,206,180,228,255,207,189, 55}, 
{  0,123,184,226,252,202,177,227,253,203,178,227,253,204,178,228,254,205,179,228,254,206,180,228,254,206,189, 55}, 
{  0,123,184,226,251,201,176,227,252,203,178,227,253,204,178,227,253,204,179,228,254,206,180,228,254,206,187, 55}, 
{  0,123,184,226,251,201,176,226,252,202,177,227,253,204,178,227,253,204,178,227,255,205,179,228,254,206,187, 55}, 
{  0,123,184,226,251,201,176,226,251,201,176,226,252,203,178,227,253,204,178,227,253,204,178,228,254,206,187, 55}, 
{  0,123,184,226,251,201,176,226,251,201,176,225,252,203,177,227,253,204,178,227,253,204,177,227,255,205,187, 55}, 
{  0,123,184,226,251,201,176,226,251,201,176,225,251,202,176,226,252,204,178,227,253,204,177,227,254,205,186, 55}, 
{  0,122,182,225,251,201,176,226,251,201,176,225,251,202,176,225,252,203,177,226,252,204,178,227,254,205,185, 55}, 
{  0,122,182,224,249,200,175,226,251,201,176,225,251,202,176,225,251,202,176,226,252,204,178,227,254,205,185, 55}, 
{  0,122,182,224,249,199,174,225,251,201,176,225,251,202,176,225,251,202,176,225,252,203,177,226,252,204,185, 55}, 
{  0,122,182,224,249,199,174,224,249,200,175,225,251,202,176,225,251,202,176,225,251,202,175,225,253,204,185, 55}, 
{  0,122,182,224,249,199,174,224,249,199,174,224,251,202,176,225,251,202,176,225,251,202,175,225,252,203,184, 54}, 
{  0,125,187,229,255,205,179,229,255,205,178,229,255,205,179,231,255,207,180,230,255,207,180,230,255,208,188, 55}, 
{  0, 97,145,178,198,159,139,178,198,159,139,178,198,159,139,179,200,161,140,180,201,162,140,179,201,162,147, 43}, 
{  0,  0,  0,  0,  0,  0,  0,  0,  0,  0,  0,  0,  0,  0,  0,  0,  0,  0,  0,  0,  0,  0,  0,  0,  0,  0,  0,  0},
{  0,  0,  0,  0,  0,  0,  0,  0,  0,  0,  0,  0,  0,  0,  0,  0,  0,  0,  0,  0,  0,  0,  0,  0,  0,  0,  0,  0}, 
{  0,  0,  0,  0,  0,  0,  0,  0,  0,  0,  0,  0,  0,  0,  0,  0,  0,  0,  0,  0,  0,  0,  0,  0,  0,  0,  0,  0}, 
{  0,  0,  0,  0,  0,  0,  0,  0,  0,  0,  0,  0,  0,  0,  0,  0,  0,  0,  0,  0,  0,  0,  0,  0,  0,  0,  0,  0}, 
{  0,  0,  0,  0,  0,  0,  0,  0,  0,  0,  0,  0,  0,  0,  0,  0,  0,  0,  0,  0,  0,  0,  0,  0,  0,  0,  0,  0}, 
{  0,  0,  0,  0,  0,  0,  0,  0,  0,  0,  0,  0,  0,  0,  0,  0,  0,  0,  0,  0,  0,  0,  0,  0,  0,  0,  0,  0}
};
const PROGMEM byte grn[][28]={
{  0,  3,  3, 37, 55, 19,  1, 37, 55, 19,  1, 36, 55, 22,  3,  6,  8,  7,  4,  8,  8,  6,  4,  8,  8,  5,  6,  3}, 
{  0, 13, 13,180,255, 94,  4,180,255, 94,  4,179,255,108, 73, 58, 36, 45, 87, 44, 36, 59, 79, 37, 37, 77, 64, 10}, 
{  0, 13, 13,180,255, 94,  4,180,255, 94,  4,179,255,106,112, 76, 48, 53,132, 52, 48, 79,117, 45, 45,112, 86,  8}, 
{  0, 13, 13,180,255, 94,  4,180,255, 94,  4,179,255,109, 24, 39,147, 63, 27, 67,147, 38, 28,107,115, 29, 38, 12}, 
{  0, 12, 12,180,255, 94,  4,180,255, 94,  4,179,255,106,118, 77, 37, 51,139, 49, 38, 81,123, 38, 38,117, 89,  8}, 
{  0, 12, 12,180,255, 94,  4,180,255, 94,  4,179,255,108, 62, 54, 98, 57, 71, 57, 98, 55, 66, 76, 81, 65, 58, 10}, 
{  0, 12, 12,180,255, 93,  3,179,255, 94,  4,179,255,108, 50, 49,112, 58, 58, 60,112, 49, 54, 85, 90, 54, 52, 11}, 
{  0, 12, 12,180,255, 93,  3,179,255, 94,  4,179,255,105,124, 80, 30, 50,147, 48, 31, 83,129, 33, 32,123, 93,  7}, 
{  0, 12, 12,179,255, 93,  3,179,255, 94,  3,178,255,109, 27, 39,144, 62, 29, 65,143, 38, 30,104,112, 30, 38, 12}, 
{  0, 12, 12,179,255, 93,  3,179,255, 94,  3,178,255,106,101, 71, 53, 52,119, 51, 53, 73,106, 47, 48,101, 79,  8}, 
{  0, 11, 12,179,255, 93,  3,179,255, 94,  3,178,255,106, 81, 62, 74, 54, 96, 54, 74, 63, 86, 60, 63, 83, 69,  9}, 
{  0, 11, 11,179,255, 93,  3,179,255, 93,  3,178,255,108, 34, 42,131, 60, 40, 63,131, 42, 39, 97,103, 39, 43, 11}, 
{  0, 11, 11,179,255, 92,  3,179,255, 93,  3,178,255,105,128, 81, 25, 49,151, 47, 26, 85,134, 30, 29,127, 95,  7}, 
{  0, 11, 11,179,255, 92,  2,178,255, 93,  3,178,255,107, 34, 42,131, 60, 39, 62,130, 41, 39, 96,103, 39, 43, 11}, 
{  0, 11, 11,178,255, 92,  2,178,255, 93,  2,178,255,105, 80, 60, 73, 53, 95, 53, 74, 62, 85, 60, 63, 83, 68,  9}, 
{  0, 11, 11,178,255, 92,  2,178,255, 93,  2,177,255,105,100, 69, 51, 50,119, 50, 52, 72,106, 46, 47,101, 80,  8}, 
{  0, 11, 10,178,255, 92,  2,178,255, 93,  2,177,255,107, 24, 37,143, 60, 27, 63,142, 36, 28,104,111, 29, 37, 12}, 
{  0, 11, 10,178,255, 92,  2,178,255, 92,  2,177,255,103,122, 78, 28, 48,145, 46, 29, 82,128, 32, 31,122, 91,  7}, 
{  0, 11, 10,178,255, 91,  1,178,255, 92,  2,177,255,106, 51, 48,109, 56, 60, 58,109, 49, 56, 82, 87, 55, 52, 10}, 
{  0, 10,  9,178,255, 91,  1,177,255, 92,  2,177,255,107, 26, 31, 90, 48, 31, 47, 90, 34, 32, 71, 72, 29, 38, 12}, 
{  0, 10,  9,177,255, 91,  1,177,255, 92,  1,177,255, 99, 13,120,170, 70, 16,118,171, 72, 16,116,173, 73, 22,  8}, 
{  0, 10,  9,177,255, 90,  0,177,255, 92,  1,176,255, 93,  0,177,255, 94,  0,176,255, 95,  0,175,255, 97,  9,  5}, 
{  0,  9,  8,177,255, 90,  0,176,255, 92,  1,176,255, 93,  1,176,255, 94,  1,175,255, 95,  1,175,255, 96,  9,  5}, 
{  0,  9,  8,177,255, 90,  0,176,255, 91,  0,176,255, 93,  0,176,255, 94,  1,175,255, 95,  1,175,255, 96,  9,  5}, 
{  0,  9,  8,176,255, 89,  0,176,255, 91,  0,175,255, 92,  0,176,255, 93,  0,175,255, 95,  1,174,255, 96,  9,  5}, 
{  0,  9,  8,176,255, 89,  0,176,255, 91,  0,175,255, 92,  0,176,255, 93,  0,175,255, 95,  1,174,255, 96,  9,  5}, 
{  0,  9,  8,176,255, 89,  0,175,255, 90,  0,175,255, 92,  0,175,255, 93,  0,175,255, 94,  0,174,255, 96,  9,  5}, 
{  0,  9,  8,175,255, 89,  0,175,255, 90,  0,175,255, 92,  0,175,255, 92,  0,174,255, 94,  0,174,255, 96,  9,  5}, 
{  0,  9,  7,175,255, 89,  0,175,255, 90,  0,174,255, 91,  0,174,255, 92,  0,174,255, 94,  0,174,255, 95,  8,  5}, 
{  0,  9,  7,175,255, 89,  0,175,255, 90,  0,174,255, 91,  0,174,255, 92,  0,174,255, 93,  0,174,255, 95,  8,  5}, 
{  0,  9,  7,175,255, 88,  0,174,255, 90,  0,174,255, 91,  0,174,255, 91,  0,173,255, 93,  0,173,255, 95,  8,  5}, 
{  0,  9,  7,175,255, 88,  0,174,255, 89,  0,174,255, 90,  0,174,255, 91,  0,173,255, 93,  0,173,255, 94,  7,  4}, 
{  0,  9,  7,174,255, 88,  0,174,255, 89,  0,173,255, 90,  0,174,255, 91,  0,173,255, 92,  0,173,255, 94,  7,  4}, 
{  0,  9,  7,174,255, 88,  0,174,255, 89,  0,173,255, 90,  0,173,255, 91,  0,173,255, 92,  0,172,255, 94,  7,  4}, 
{  0,  8,  6,174,255, 88,  0,174,255, 89,  0,173,255, 90,  0,173,255, 91,  0,172,255, 92,  0,172,255, 93,  6,  4}, 
{  0,  8,  6,173,255, 88,  0,174,255, 89,  0,173,255, 90,  0,173,255, 91,  0,172,255, 92,  0,172,255, 93,  6,  4}, 
{  0,  8,  6,173,255, 87,  0,174,255, 89,  0,173,255, 89,  0,173,255, 91,  0,172,255, 92,  0,172,255, 93,  6,  4}, 
{  0,  8,  6,173,255, 87,  0,173,255, 89,  0,173,255, 89,  0,173,255, 91,  0,172,255, 91,  0,171,255, 93,  6,  4}, 
{  0,  8,  6,173,255, 87,  0,173,255, 88,  0,173,255, 89,  0,172,255, 90,  0,172,255, 91,  0,171,255, 93,  6,  4}, 
{  0,  8,  6,173,255, 87,  0,172,255, 88,  0,172,255, 89,  0,172,255, 90,  0,171,255, 91,  0,171,255, 92,  6,  4}, 
{  0,  8,  6,173,255, 87,  0,172,255, 87,  0,172,255, 88,  0,172,255, 90,  0,171,255, 91,  0,171,255, 92,  5,  4}, 
{  0,  8,  6,173,255, 87,  0,172,255, 87,  0,171,255, 88,  0,171,255, 90,  0,171,255, 91,  0,171,255, 92,  5,  4}, 
{  0,  7,  5,173,255, 87,  0,172,255, 87,  0,171,255, 88,  0,171,255, 89,  0,171,255, 91,  0,170,255, 92,  5,  4}, 
{  0,  7,  5,172,255, 87,  0,172,255, 87,  0,171,255, 88,  0,170,255, 89,  0,170,255, 91,  0,170,255, 92,  5,  4}, 
{  0,  7,  5,171,255, 86,  0,172,255, 87,  0,171,255, 88,  0,170,255, 89,  0,170,255, 90,  0,170,255, 92,  5,  4}, 
{  0,  7,  5,171,255, 85,  0,171,255, 87,  0,171,255, 88,  0,170,255, 89,  0,170,255, 90,  0,169,255, 92,  5,  4}, 
{  0,  7,  5,171,255, 85,  0,170,255, 86,  0,171,255, 88,  0,170,255, 89,  0,170,255, 90,  0,170,255, 91,  4,  3}, 
{  0,  7,  5,171,255, 85,  0,170,255, 86,  0,170,255, 88,  0,170,255, 89,  0,170,255, 90,  0,169,255, 91,  4,  3}, 
{  0,  7,  4,175,255, 87,  0,174,255, 88,  0,174,255, 89,  0,175,255, 91,  0,173,255, 91,  0,173,255, 93,  4,  3}, 
{  0,  6,  4,136,207, 68,  0,136,207, 69,  0,135,207, 69,  0,135,209, 71,  0,135,210, 71,  0,134,210, 72,  2,  3}, 
{  0,  0,  0,  0,  0,  0,  0,  0,  0,  0,  0,  0,  0,  0,  0,  0,  0,  0,  0,  0,  0,  0,  0,  0,  0,  0,  0,  0},
{  0,  0,  0,  0,  0,  0,  0,  0,  0,  0,  0,  0,  0,  0,  0,  0,  0,  0,  0,  0,  0,  0,  0,  0,  0,  0,  0,  0}, 
{  0,  0,  0,  0,  0,  0,  0,  0,  0,  0,  0,  0,  0,  0,  0,  0,  0,  0,  0,  0,  0,  0,  0,  0,  0,  0,  0,  0}, 
{  0,  0,  0,  0,  0,  0,  0,  0,  0,  0,  0,  0,  0,  0,  0,  0,  0,  0,  0,  0,  0,  0,  0,  0,  0,  0,  0,  0}, 
{  0,  0,  0,  0,  0,  0,  0,  0,  0,  0,  0,  0,  0,  0,  0,  0,  0,  0,  0,  0,  0,  0,  0,  0,  0,  0,  0,  0}, 
{  0,  0,  0,  0,  0,  0,  0,  0,  0,  0,  0,  0,  0,  0,  0,  0,  0,  0,  0,  0,  0,  0,  0,  0,  0,  0,  0,  0}
};
const PROGMEM byte blu[][28]={
{  0,  9, 12, 40, 54, 25, 10, 40, 55, 25, 10, 39, 54, 31, 17, 20, 21, 21, 18, 21, 21, 20, 19, 21, 21, 19, 20,  6}, 
{  0, 44, 62,195,255,125, 53,194,255,126, 53,193,255,153,129,118,103,109,138,108,103,119,133,104,104,131,125, 30}, 
{  0, 44, 61,194,255,125, 52,194,255,125, 52,193,255,151,155,130,111,114,170,113,111,132,159,109,109,156,140, 29}, 
{  0, 43, 60,194,255,125, 52,194,255,125, 52,193,255,153, 94,104,180,121, 96,124,180,103, 97,152,157, 97,106, 32}, 
{  0, 42, 59,194,255,125, 52,194,255,125, 52,193,255,150,159,131,102,112,174,111,103,134,163,104,103,159,142, 28}, 
{  0, 42, 59,194,255,124, 51,194,255,125, 52,193,255,151,119,114,145,116,127,117,145,115,123,130,133,122,120, 30}, 
{  0, 42, 59,194,255,123, 50,193,255,125, 52,193,255,152,111,110,155,117,117,118,155,111,114,136,140,115,116, 31}, 
{  0, 42, 59,194,255,123, 50,193,255,124, 50,193,255,150,163,132, 97,111,179,109, 98,135,167,100, 99,163,144, 28}, 
{  0, 42, 59,193,255,123, 50,193,255,123, 49,192,255,152, 94,103,177,119, 96,121,177,102, 97,150,155, 98,106, 31}, 
{  0, 42, 59,193,255,123, 50,193,255,123, 49,192,255,150,146,125,113,112,160,111,113,127,150,109,110,148,135, 29}, 
{  0, 42, 58,193,255,123, 50,193,255,124, 49,192,255,150,133,119,127,113,143,113,128,120,137,118,120,134,127, 29}, 
{  0, 42, 57,193,255,123, 50,193,255,123, 49,192,255,151,100,105,168,117,103,119,168,105,103,144,148,103,108, 31}, 
{  0, 42, 57,193,255,122, 49,193,255,123, 49,192,255,149,165,132, 93,110,182,108, 93,135,170, 97, 96,165,145, 27}, 
{  0, 42, 57,193,255,122, 49,192,255,123, 49,192,255,151,100,105,168,117,103,119,167,104,102,143,148,103,108, 31}, 
{  0, 42, 58,192,255,122, 49,192,255,122, 49,192,255,149,132,118,127,113,142,113,127,119,135,117,119,133,126, 29}, 
{  0, 42, 58,192,255,122, 49,192,255,123, 48,191,255,148,146,124,111,111,159,110,112,126,150,108,108,147,133, 28}, 
{  0, 41, 57,192,255,122, 49,192,255,123, 48,191,255,150, 91,101,176,117, 95,120,176,101, 95,148,154, 95,104, 31}, 
{  0, 41, 56,192,255,122, 49,192,255,122, 48,191,255,147,161,129, 94,108,177,107, 96,133,165, 98, 97,161,142, 27}, 
{  0, 41, 56,192,255,121, 48,192,255,122, 48,191,255,149,111,108,152,114,117,115,152,109,115,134,137,114,114, 30}, 
{  0, 40, 56,192,255,121, 48,191,255,122, 48,191,255,150, 94, 97,138,109, 98,108,138, 99, 99,125,126, 97,106, 31}, 
{  0, 40, 55,191,255,121, 48,191,255,121, 48,191,255,133, 67,154,196,114, 70,153,196,115, 69,152,198,117, 76, 23}, 
{  0, 40, 55,191,255,120, 47,191,255,122, 47,190,255,122, 47,191,255,123, 46,190,255,124, 46,190,255,125, 55, 18}, 
{  0, 40, 54,191,255,120, 47,190,255,121, 47,190,255,122, 47,190,255,124, 48,189,255,124, 48,190,255,126, 56, 19}, 
{  0, 40, 54,190,255,120, 47,190,255,121, 47,190,255,122, 47,190,255,124, 48,189,255,124, 48,190,255,126, 56, 18}, 
{  0, 40, 54,190,255,119, 46,190,255,121, 46,189,255,122, 47,190,255,123, 47,189,255,124, 48,189,255,125, 56, 18}, 
{  0, 40, 54,190,255,119, 46,190,255,121, 46,189,255,121, 46,190,255,123, 47,189,255,124, 48,189,255,125, 56, 18}, 
{  0, 40, 54,190,255,119, 46,189,255,120, 45,189,255,121, 46,189,255,123, 47,189,255,124, 47,189,255,125, 56, 18}, 
{  0, 40, 54,189,255,119, 46,189,255,120, 45,189,255,121, 46,189,255,122, 46,189,255,124, 47,189,255,125, 56, 18}, 
{  0, 39, 53,189,255,119, 46,189,255,120, 45,188,255,120, 45,189,255,122, 46,188,255,123, 47,189,255,125, 55, 18}, 
{  0, 39, 53,189,255,119, 46,189,255,119, 45,188,255,120, 45,188,255,122, 46,188,255,123, 46,188,255,125, 55, 18}, 
{  0, 39, 53,189,255,118, 45,188,255,119, 45,188,255,120, 45,188,255,121, 45,188,255,123, 46,188,255,124, 55, 18}, 
{  0, 39, 53,189,255,118, 45,188,255,119, 45,188,255,120, 45,188,255,121, 45,187,255,122, 46,188,255,124, 54, 18}, 
{  0, 39, 53,188,255,118, 45,188,255,119, 44,187,255,120, 45,188,255,121, 45,187,255,122, 45,187,255,124, 54, 18}, 
{  0, 39, 53,188,255,118, 45,188,255,119, 44,187,255,120, 45,187,255,121, 45,187,255,122, 45,187,255,123, 54, 18}, 
{  0, 38, 53,188,255,118, 45,188,255,118, 44,187,255,119, 44,187,255,121, 45,187,255,122, 45,187,255,123, 53, 17}, 
{  0, 37, 52,187,255,118, 45,188,255,118, 44,187,255,119, 44,187,255,120, 45,187,255,121, 45,187,255,123, 53, 17}, 
{  0, 37, 51,187,255,117, 44,188,255,118, 44,187,255,119, 44,187,255,120, 44,186,255,121, 45,186,255,123, 53, 17}, 
{  0, 37, 51,186,255,116, 43,187,255,118, 44,187,255,119, 44,187,255,120, 44,186,255,121, 45,186,255,122, 53, 17}, 
{  0, 37, 51,186,255,116, 43,186,255,117, 44,187,255,119, 44,186,255,120, 44,186,255,121, 44,186,255,122, 53, 17}, 
{  0, 37, 51,186,255,116, 43,186,255,117, 43,186,255,119, 44,186,255,120, 44,186,255,121, 44,186,255,122, 53, 17}, 
{  0, 37, 51,186,255,116, 43,186,255,116, 42,186,255,118, 44,186,255,120, 44,186,255,120, 44,186,255,122, 52, 17}, 
{  0, 37, 51,186,255,116, 43,186,255,116, 42,185,255,117, 43,185,255,120, 44,186,255,120, 44,185,255,122, 52, 17}, 
{  0, 37, 51,186,255,116, 43,186,255,116, 42,185,255,117, 42,185,255,119, 43,186,255,120, 44,185,255,121, 52, 17}, 
{  0, 37, 50,185,255,116, 43,186,255,116, 42,185,255,117, 42,184,255,118, 42,185,255,120, 44,185,255,121, 52, 17}, 
{  0, 37, 50,185,255,115, 42,186,255,116, 42,185,255,117, 42,184,255,118, 42,184,255,119, 43,185,255,121, 52, 17}, 
{  0, 37, 50,185,255,115, 42,185,255,116, 42,185,255,117, 42,184,255,118, 42,184,255,118, 42,184,255,121, 52, 17}, 
{  0, 37, 50,185,255,115, 42,184,255,115, 42,185,255,117, 42,184,255,118, 42,184,255,118, 42,184,255,120, 51, 17}, 
{  0, 37, 50,185,255,115, 42,184,255,115, 42,184,255,117, 42,184,255,118, 42,184,255,118, 42,183,255,119, 50, 17}, 
{  0, 37, 51,189,255,117, 42,188,255,118, 42,187,255,119, 43,189,255,120, 43,188,255,121, 43,187,255,122, 51, 17}, 
{  0, 29, 40,147,205, 91, 33,147,205, 92, 33,146,205, 92, 33,146,207, 94, 34,146,207, 94, 34,146,207, 95, 40, 13}, 
{  0,  0,  0,  0,  0,  0,  0,  0,  0,  0,  0,  0,  0,  0,  0,  0,  0,  0,  0,  0,  0,  0,  0,  0,  0,  0,  0,  0},
{  0,  0,  0,  0,  0,  0,  0,  0,  0,  0,  0,  0,  0,  0,  0,  0,  0,  0,  0,  0,  0,  0,  0,  0,  0,  0,  0,  0}, 
{  0,  0,  0,  0,  0,  0,  0,  0,  0,  0,  0,  0,  0,  0,  0,  0,  0,  0,  0,  0,  0,  0,  0,  0,  0,  0,  0,  0}, 
{  0,  0,  0,  0,  0,  0,  0,  0,  0,  0,  0,  0,  0,  0,  0,  0,  0,  0,  0,  0,  0,  0,  0,  0,  0,  0,  0,  0}, 
{  0,  0,  0,  0,  0,  0,  0,  0,  0,  0,  0,  0,  0,  0,  0,  0,  0,  0,  0,  0,  0,  0,  0,  0,  0,  0,  0,  0}, 
{  0,  0,  0,  0,  0,  0,  0,  0,  0,  0,  0,  0,  0,  0,  0,  0,  0,  0,  0,  0,  0,  0,  0,  0,  0,  0,  0,  0}
};
